10836.0
6.0
149.13235
-90.0
6.0
148.18338
-96.0
0.0
147.53558
-96.0
0.0
147.53558
-96.0
0.0
148.51666
-90.0
6.0
149.13235
-90.0
0.0
-100.0
-96.0
6.0
-100.0
-96.0
6.0
-100.0
-90.0
6.0
-100.0
-90.0
0.0
-100.0
-90.0
0.0
-100.0
-96.0
6.0
148.18338
-96.0
0.0
-100.0
-96.0
0.0
147.53558
-96.0
6.0
148.18338
-96.0
6.0
-100.0
-96.0
0.0
-100.0
-96.0
0.0
147.53558
-96.0
0.0
-100.0
-96.0
0.0
148.51666
-90.0
0.0
-100.0
-96.0
0.0
-100.0
-90.0
0.0
148.51666
-90.0
12.0
149.72708
-90.0
12.0
148.83261
-96.0
6.0
148.18338
-96.0
6.0
148.18338
-96.0
6.0
149.13235
-90.0
12.0
149.72708
-90.0
6.0
-100.0
-96.0
12.0
-100.0
-96.0
12.0
-100.0
-90.0
12.0
-100.0
-90.0
6.0
-100.0
-90.0
6.0
-100.0
-96.0
12.0
148.83261
-96.0
6.0
-100.0
-96.0
6.0
148.18338
-96.0
12.0
148.83261
-96.0
12.0
-100.0
-96.0
6.0
-100.0
-96.0
18.0
150.23903
-90.0
18.0
149.42828
-96.0
12.0
148.83261
-96.0
12.0
148.83261
-96.0
12.0
149.72708
-90.0
18.0
150.23903
-90.0
12.0
-100.0
-96.0
18.0
-100.0
-96.0
18.0
-100.0
-90.0
18.0
-100.0
-90.0
12.0
-100.0
-90.0
12.0
-100.0
-96.0
18.0
149.42828
-96.0
12.0
-100.0
-96.0
12.0
148.83261
-96.0
18.0
149.42828
-96.0
18.0
-100.0
-96.0
12.0
-100.0
-96.0
24.0
150.60435
-90.0
24.0
149.908
-96.0
18.0
149.42828
-96.0
18.0
149.42828
-96.0
18.0
150.23903
-90.0
24.0
150.60435
-90.0
18.0
-100.0
-96.0
24.0
-100.0
-96.0
24.0
-100.0
-90.0
24.0
-100.0
-90.0
18.0
-100.0
-90.0
18.0
-100.0
-96.0
24.0
149.908
-96.0
18.0
-100.0
-96.0
18.0
149.42828
-96.0
24.0
149.908
-96.0
24.0
-100.0
-96.0
18.0
-100.0
-96.0
30.0
150.76743
-90.0
30.0
150.2146
-96.0
24.0
149.908
-96.0
24.0
149.908
-96.0
24.0
150.60435
-90.0
30.0
150.76743
-90.0
24.0
-100.0
-96.0
30.0
-100.0
-96.0
30.0
-100.0
-90.0
30.0
-100.0
-90.0
24.0
-100.0
-90.0
24.0
-100.0
-96.0
30.0
150.2146
-96.0
24.0
-100.0
-96.0
24.0
149.908
-96.0
30.0
150.2146
-96.0
30.0
-100.0
-96.0
24.0
-100.0
-96.0
36.0
150.69447
-90.0
36.0
150.30988
-96.0
30.0
150.2146
-96.0
30.0
150.2146
-96.0
30.0
150.76743
-90.0
36.0
150.69447
-90.0
30.0
-100.0
-96.0
36.0
-100.0
-96.0
36.0
-100.0
-90.0
36.0
-100.0
-90.0
30.0
-100.0
-90.0
30.0
-100.0
-96.0
36.0
150.30988
-96.0
30.0
-100.0
-96.0
30.0
150.2146
-96.0
36.0
150.30988
-96.0
36.0
-100.0
-96.0
30.0
-100.0
-96.0
42.0
150.37904
-90.0
42.0
150.18015
-96.0
36.0
150.30988
-96.0
36.0
150.30988
-96.0
36.0
150.69447
-90.0
42.0
150.37904
-90.0
36.0
-100.0
-96.0
42.0
-100.0
-96.0
42.0
-100.0
-90.0
42.0
-100.0
-90.0
36.0
-100.0
-90.0
36.0
-100.0
-96.0
42.0
150.18015
-96.0
36.0
-100.0
-96.0
36.0
150.30988
-96.0
42.0
150.18015
-96.0
42.0
-100.0
-96.0
36.0
-100.0
-96.0
48.0
149.84224
-90.0
48.0
149.83743
-96.0
42.0
150.18015
-96.0
42.0
150.18015
-96.0
42.0
150.37904
-90.0
48.0
149.84224
-90.0
42.0
-100.0
-96.0
48.0
-100.0
-96.0
48.0
-100.0
-90.0
48.0
-100.0
-90.0
42.0
-100.0
-90.0
42.0
-100.0
-96.0
48.0
149.83743
-96.0
42.0
-100.0
-96.0
42.0
150.18015
-96.0
48.0
149.83743
-96.0
48.0
-100.0
-96.0
42.0
-100.0
-96.0
54.0
149.13246
-90.0
54.0
149.3202
-96.0
48.0
149.83743
-96.0
48.0
149.83743
-96.0
48.0
149.84224
-90.0
54.0
149.13246
-90.0
48.0
-100.0
-96.0
54.0
-100.0
-96.0
54.0
-100.0
-90.0
54.0
-100.0
-90.0
48.0
-100.0
-90.0
48.0
-100.0
-96.0
54.0
149.3202
-96.0
48.0
-100.0
-96.0
48.0
149.83743
-96.0
54.0
149.3202
-96.0
54.0
-100.0
-96.0
48.0
-100.0
-96.0
60.0
148.31921
-90.0
60.0
148.6884
-96.0
54.0
149.3202
-96.0
54.0
149.3202
-96.0
54.0
149.13246
-90.0
60.0
148.31921
-90.0
54.0
-100.0
-96.0
60.0
-100.0
-96.0
60.0
-100.0
-90.0
60.0
-100.0
-90.0
54.0
-100.0
-90.0
54.0
-100.0
-96.0
60.0
148.6884
-96.0
54.0
-100.0
-96.0
54.0
149.3202
-96.0
60.0
148.6884
-96.0
60.0
-100.0
-96.0
54.0
-100.0
-96.0
66.0
147.48314
-90.0
66.0
148.01425
-96.0
60.0
148.6884
-96.0
60.0
148.6884
-96.0
60.0
148.31921
-90.0
66.0
147.48314
-90.0
60.0
-100.0
-96.0
66.0
-100.0
-96.0
66.0
-100.0
-90.0
66.0
-100.0
-90.0
60.0
-100.0
-90.0
60.0
-100.0
-96.0
66.0
148.01425
-96.0
60.0
-100.0
-96.0
60.0
148.6884
-96.0
66.0
148.01425
-96.0
66.0
-100.0
-96.0
60.0
-100.0
-96.0
72.0
146.70477
-90.0
72.0
147.37213
-96.0
66.0
148.01425
-96.0
66.0
148.01425
-96.0
66.0
147.48314
-90.0
72.0
146.70477
-90.0
66.0
-100.0
-96.0
72.0
-100.0
-96.0
72.0
-100.0
-90.0
72.0
-100.0
-90.0
66.0
-100.0
-90.0
66.0
-100.0
-96.0
72.0
147.37213
-96.0
66.0
-100.0
-96.0
66.0
148.01425
-96.0
72.0
147.37213
-96.0
72.0
-100.0
-96.0
66.0
-100.0
-96.0
78.0
146.05081
-90.0
78.0
146.82571
-96.0
72.0
147.37213
-96.0
72.0
147.37213
-96.0
72.0
146.70477
-90.0
78.0
146.05081
-90.0
72.0
-100.0
-96.0
78.0
-100.0
-96.0
78.0
-100.0
-90.0
78.0
-100.0
-90.0
72.0
-100.0
-90.0
72.0
-100.0
-96.0
78.0
146.82571
-96.0
72.0
-100.0
-96.0
72.0
147.37213
-96.0
78.0
146.82571
-96.0
78.0
-100.0
-96.0
72.0
-100.0
-96.0
84.0
145.55733
-90.0
84.0
146.4123
-96.0
78.0
146.82571
-96.0
78.0
146.82571
-96.0
78.0
146.05081
-90.0
84.0
145.55733
-90.0
78.0
-100.0
-96.0
84.0
-100.0
-96.0
84.0
-100.0
-90.0
84.0
-100.0
-90.0
78.0
-100.0
-90.0
78.0
-100.0
-96.0
84.0
146.4123
-96.0
78.0
-100.0
-96.0
78.0
146.82571
-96.0
84.0
146.4123
-96.0
84.0
-100.0
-96.0
78.0
-100.0
-96.0
90.0
145.21062
-90.0
90.0
146.12436
-96.0
84.0
146.4123
-96.0
84.0
146.4123
-96.0
84.0
145.55733
-90.0
90.0
145.21062
-90.0
84.0
-100.0
-96.0
90.0
-100.0
-96.0
90.0
-100.0
-90.0
90.0
-100.0
-90.0
84.0
-100.0
-90.0
84.0
-100.0
-96.0
90.0
146.12436
-96.0
84.0
-100.0
-96.0
84.0
146.4123
-96.0
90.0
146.12436
-96.0
90.0
-100.0
-96.0
84.0
-100.0
-96.0
96.0
144.93054
-90.0
96.0
145.893
-96.0
90.0
146.12436
-96.0
90.0
146.12436
-96.0
90.0
145.21062
-90.0
96.0
144.93054
-90.0
90.0
-100.0
-96.0
96.0
-100.0
-96.0
96.0
-100.0
-90.0
96.0
-100.0
-90.0
90.0
-100.0
-90.0
90.0
-100.0
-96.0
96.0
145.893
-96.0
90.0
-100.0
-96.0
90.0
146.12436
-96.0
96.0
145.893
-96.0
96.0
-100.0
-96.0
90.0
-100.0
-96.0
96.0
145.893
-96.0
96.0
144.93054
-90.0
96.0
-100.0
-96.0
96.0
144.93054
-90.0
96.0
-100.0
-90.0
96.0
-100.0
-96.0
6.0
149.97478
-84.0
6.0
149.13235
-90.0
0.0
148.51666
-90.0
0.0
148.51666
-90.0
0.0
149.39235
-84.0
6.0
149.97478
-84.0
0.0
-100.0
-90.0
6.0
-100.0
-90.0
6.0
-100.0
-84.0
6.0
-100.0
-84.0
0.0
-100.0
-84.0
0.0
-100.0
-90.0
0.0
148.51666
-90.0
0.0
-100.0
-90.0
0.0
149.39235
-84.0
0.0
-100.0
-90.0
0.0
-100.0
-84.0
0.0
149.39235
-84.0
12.0
150.51286
-84.0
12.0
149.72708
-90.0
6.0
149.13235
-90.0
6.0
149.13235
-90.0
6.0
149.97478
-84.0
12.0
150.51286
-84.0
6.0
-100.0
-90.0
12.0
-100.0
-90.0
12.0
-100.0
-84.0
12.0
-100.0
-84.0
6.0
-100.0
-84.0
6.0
-100.0
-90.0
18.0
150.93814
-84.0
18.0
150.23903
-90.0
12.0
149.72708
-90.0
12.0
149.72708
-90.0
12.0
150.51286
-84.0
18.0
150.93814
-84.0
12.0
-100.0
-90.0
18.0
-100.0
-90.0
18.0
-100.0
-84.0
18.0
-100.0
-84.0
12.0
-100.0
-84.0
12.0
-100.0
-90.0
24.0
151.18575
-84.0
24.0
150.60435
-90.0
18.0
150.23903
-90.0
18.0
150.23903
-90.0
18.0
150.93814
-84.0
24.0
151.18575
-84.0
18.0
-100.0
-90.0
24.0
-100.0
-90.0
24.0
-100.0
-84.0
24.0
-100.0
-84.0
18.0
-100.0
-84.0
18.0
-100.0
-90.0
30.0
151.20241
-84.0
30.0
150.76743
-90.0
24.0
150.60435
-90.0
24.0
150.60435
-90.0
24.0
151.18575
-84.0
30.0
151.20241
-84.0
24.0
-100.0
-90.0
30.0
-100.0
-90.0
30.0
-100.0
-84.0
30.0
-100.0
-84.0
24.0
-100.0
-84.0
24.0
-100.0
-90.0
36.0
150.95955
-84.0
36.0
150.69447
-90.0
30.0
150.76743
-90.0
30.0
150.76743
-90.0
30.0
151.20241
-84.0
36.0
150.95955
-84.0
30.0
-100.0
-90.0
36.0
-100.0
-90.0
36.0
-100.0
-84.0
36.0
-100.0
-84.0
30.0
-100.0
-84.0
30.0
-100.0
-90.0
42.0
150.45871
-84.0
42.0
150.37904
-90.0
36.0
150.69447
-90.0
36.0
150.69447
-90.0
36.0
150.95955
-84.0
42.0
150.45871
-84.0
36.0
-100.0
-90.0
42.0
-100.0
-90.0
42.0
-100.0
-84.0
42.0
-100.0
-84.0
36.0
-100.0
-84.0
36.0
-100.0
-90.0
48.0
149.73058
-84.0
48.0
149.84224
-90.0
42.0
150.37904
-90.0
42.0
150.37904
-90.0
42.0
150.45871
-84.0
48.0
149.73058
-84.0
42.0
-100.0
-90.0
48.0
-100.0
-90.0
48.0
-100.0
-84.0
48.0
-100.0
-84.0
42.0
-100.0
-84.0
42.0
-100.0
-90.0
54.0
148.83359
-84.0
54.0
149.13246
-90.0
48.0
149.84224
-90.0
48.0
149.84224
-90.0
48.0
149.73058
-84.0
54.0
148.83359
-84.0
48.0
-100.0
-90.0
54.0
-100.0
-90.0
54.0
-100.0
-84.0
54.0
-100.0
-84.0
48.0
-100.0
-84.0
48.0
-100.0
-90.0
60.0
147.84679
-84.0
60.0
148.31921
-90.0
54.0
149.13246
-90.0
54.0
149.13246
-90.0
54.0
148.83359
-84.0
60.0
147.84679
-84.0
54.0
-100.0
-90.0
60.0
-100.0
-90.0
60.0
-100.0
-84.0
60.0
-100.0
-84.0
54.0
-100.0
-84.0
54.0
-100.0
-90.0
66.0
146.85886
-84.0
66.0
147.48314
-90.0
60.0
148.31921
-90.0
60.0
148.31921
-90.0
60.0
147.84679
-84.0
66.0
146.85886
-84.0
60.0
-100.0
-90.0
66.0
-100.0
-90.0
66.0
-100.0
-84.0
66.0
-100.0
-84.0
60.0
-100.0
-84.0
60.0
-100.0
-90.0
72.0
145.9559
-84.0
72.0
146.70477
-90.0
66.0
147.48314
-90.0
66.0
147.48314
-90.0
66.0
146.85886
-84.0
72.0
145.9559
-84.0
66.0
-100.0
-90.0
72.0
-100.0
-90.0
72.0
-100.0
-84.0
72.0
-100.0
-84.0
66.0
-100.0
-84.0
66.0
-100.0
-90.0
78.0
145.20694
-84.0
78.0
146.05081
-90.0
72.0
146.70477
-90.0
72.0
146.70477
-90.0
72.0
145.9559
-84.0
78.0
145.20694
-84.0
72.0
-100.0
-90.0
78.0
-100.0
-90.0
78.0
-100.0
-84.0
78.0
-100.0
-84.0
72.0
-100.0
-84.0
72.0
-100.0
-90.0
84.0
144.64633
-84.0
84.0
145.55733
-90.0
78.0
146.05081
-90.0
78.0
146.05081
-90.0
78.0
145.20694
-84.0
84.0
144.64633
-84.0
78.0
-100.0
-90.0
84.0
-100.0
-90.0
84.0
-100.0
-84.0
84.0
-100.0
-84.0
78.0
-100.0
-84.0
78.0
-100.0
-90.0
90.0
144.25375
-84.0
90.0
145.21062
-90.0
84.0
145.55733
-90.0
84.0
145.55733
-90.0
84.0
144.64633
-84.0
90.0
144.25375
-84.0
84.0
-100.0
-90.0
90.0
-100.0
-90.0
90.0
-100.0
-84.0
90.0
-100.0
-84.0
84.0
-100.0
-84.0
84.0
-100.0
-90.0
96.0
143.93782
-84.0
96.0
144.93054
-90.0
90.0
145.21062
-90.0
90.0
145.21062
-90.0
90.0
144.25375
-84.0
96.0
143.93782
-84.0
90.0
-100.0
-90.0
96.0
-100.0
-90.0
96.0
-100.0
-84.0
96.0
-100.0
-84.0
90.0
-100.0
-84.0
90.0
-100.0
-90.0
96.0
144.93054
-90.0
96.0
143.93782
-84.0
96.0
-100.0
-90.0
96.0
143.93782
-84.0
96.0
-100.0
-84.0
96.0
-100.0
-90.0
6.0
150.6643
-78.0
6.0
149.97478
-84.0
0.0
149.39235
-84.0
0.0
149.39235
-84.0
0.0
150.11586
-78.0
6.0
150.6643
-78.0
0.0
-100.0
-84.0
6.0
-100.0
-84.0
6.0
-100.0
-78.0
6.0
-100.0
-78.0
0.0
-100.0
-78.0
0.0
-100.0
-84.0
0.0
149.39235
-84.0
0.0
-100.0
-84.0
0.0
150.11586
-78.0
0.0
-100.0
-84.0
0.0
-100.0
-78.0
0.0
150.11586
-78.0
12.0
151.14467
-78.0
12.0
150.51286
-84.0
6.0
149.97478
-84.0
6.0
149.97478
-84.0
6.0
150.6643
-78.0
12.0
151.14467
-78.0
6.0
-100.0
-84.0
12.0
-100.0
-84.0
12.0
-100.0
-78.0
12.0
-100.0
-78.0
6.0
-100.0
-78.0
6.0
-100.0
-84.0
18.0
151.48228
-78.0
18.0
150.93814
-84.0
12.0
150.51286
-84.0
12.0
150.51286
-84.0
12.0
151.14467
-78.0
18.0
151.48228
-78.0
12.0
-100.0
-84.0
18.0
-100.0
-84.0
18.0
-100.0
-78.0
18.0
-100.0
-78.0
12.0
-100.0
-78.0
12.0
-100.0
-84.0
24.0
151.61208
-78.0
24.0
151.18575
-84.0
18.0
150.93814
-84.0
18.0
150.93814
-84.0
18.0
151.48228
-78.0
24.0
151.61208
-78.0
18.0
-100.0
-84.0
24.0
-100.0
-84.0
24.0
-100.0
-78.0
24.0
-100.0
-78.0
18.0
-100.0
-78.0
18.0
-100.0
-84.0
30.0
151.48407
-78.0
30.0
151.20241
-84.0
24.0
151.18575
-84.0
24.0
151.18575
-84.0
24.0
151.61208
-78.0
30.0
151.48407
-78.0
24.0
-100.0
-84.0
30.0
-100.0
-84.0
30.0
-100.0
-78.0
30.0
-100.0
-78.0
24.0
-100.0
-78.0
24.0
-100.0
-84.0
36.0
151.07585
-78.0
36.0
150.95955
-84.0
30.0
151.20241
-84.0
30.0
151.20241
-84.0
30.0
151.48407
-78.0
36.0
151.07585
-78.0
30.0
-100.0
-84.0
36.0
-100.0
-84.0
36.0
-100.0
-78.0
36.0
-100.0
-78.0
30.0
-100.0
-78.0
30.0
-100.0
-84.0
42.0
150.39752
-78.0
42.0
150.45871
-84.0
36.0
150.95955
-84.0
36.0
150.95955
-84.0
36.0
151.07585
-78.0
42.0
150.39752
-78.0
36.0
-100.0
-84.0
42.0
-100.0
-84.0
42.0
-100.0
-78.0
42.0
-100.0
-78.0
36.0
-100.0
-78.0
36.0
-100.0
-84.0
48.0
149.4896
-78.0
48.0
149.73058
-84.0
42.0
150.45871
-84.0
42.0
150.45871
-84.0
42.0
150.39752
-78.0
48.0
149.4896
-78.0
42.0
-100.0
-84.0
48.0
-100.0
-84.0
48.0
-100.0
-78.0
48.0
-100.0
-78.0
42.0
-100.0
-78.0
42.0
-100.0
-84.0
54.0
148.42036
-78.0
54.0
148.83359
-84.0
48.0
149.73058
-84.0
48.0
149.73058
-84.0
48.0
149.4896
-78.0
54.0
148.42036
-78.0
48.0
-100.0
-84.0
54.0
-100.0
-84.0
54.0
-100.0
-78.0
54.0
-100.0
-78.0
48.0
-100.0
-78.0
48.0
-100.0
-84.0
60.0
147.27785
-78.0
60.0
147.84679
-84.0
54.0
148.83359
-84.0
54.0
148.83359
-84.0
54.0
148.42036
-78.0
60.0
147.27785
-78.0
54.0
-100.0
-84.0
60.0
-100.0
-84.0
60.0
-100.0
-78.0
60.0
-100.0
-78.0
54.0
-100.0
-78.0
54.0
-100.0
-84.0
66.0
146.15782
-78.0
66.0
146.85886
-84.0
60.0
147.84679
-84.0
60.0
147.84679
-84.0
60.0
147.27785
-78.0
66.0
146.15782
-78.0
60.0
-100.0
-84.0
66.0
-100.0
-84.0
66.0
-100.0
-78.0
66.0
-100.0
-78.0
60.0
-100.0
-78.0
60.0
-100.0
-84.0
72.0
145.15092
-78.0
72.0
145.9559
-84.0
66.0
146.85886
-84.0
66.0
146.85886
-84.0
66.0
146.15782
-78.0
72.0
145.15092
-78.0
66.0
-100.0
-84.0
72.0
-100.0
-84.0
72.0
-100.0
-78.0
72.0
-100.0
-78.0
66.0
-100.0
-78.0
66.0
-100.0
-84.0
78.0
144.32741
-78.0
78.0
145.20694
-84.0
72.0
145.9559
-84.0
72.0
145.9559
-84.0
72.0
145.15092
-78.0
78.0
144.32741
-78.0
72.0
-100.0
-84.0
78.0
-100.0
-84.0
78.0
-100.0
-78.0
78.0
-100.0
-78.0
72.0
-100.0
-78.0
72.0
-100.0
-84.0
84.0
143.71912
-78.0
84.0
144.64633
-84.0
78.0
145.20694
-84.0
78.0
145.20694
-84.0
78.0
144.32741
-78.0
84.0
143.71912
-78.0
78.0
-100.0
-84.0
84.0
-100.0
-84.0
84.0
-100.0
-78.0
84.0
-100.0
-78.0
78.0
-100.0
-78.0
78.0
-100.0
-84.0
90.0
143.29901
-78.0
90.0
144.25375
-84.0
84.0
144.64633
-84.0
84.0
144.64633
-84.0
84.0
143.71912
-78.0
90.0
143.29901
-78.0
84.0
-100.0
-84.0
90.0
-100.0
-84.0
90.0
-100.0
-78.0
90.0
-100.0
-78.0
84.0
-100.0
-78.0
84.0
-100.0
-84.0
96.0
142.96501
-78.0
96.0
143.93782
-84.0
90.0
144.25375
-84.0
90.0
144.25375
-84.0
90.0
143.29901
-78.0
96.0
142.96501
-78.0
90.0
-100.0
-84.0
96.0
-100.0
-84.0
96.0
-100.0
-78.0
96.0
-100.0
-78.0
90.0
-100.0
-78.0
90.0
-100.0
-84.0
96.0
143.93782
-84.0
96.0
142.96501
-78.0
96.0
-100.0
-84.0
96.0
142.96501
-78.0
96.0
-100.0
-78.0
96.0
-100.0
-84.0
6.0
151.15329
-72.0
6.0
150.6643
-78.0
0.0
150.11586
-78.0
0.0
150.11586
-78.0
0.0
150.6388
-72.0
6.0
151.15329
-72.0
0.0
-100.0
-78.0
6.0
-100.0
-78.0
6.0
-100.0
-72.0
6.0
-100.0
-72.0
0.0
-100.0
-72.0
0.0
-100.0
-78.0
0.0
150.11586
-78.0
0.0
-100.0
-78.0
0.0
150.6388
-72.0
0.0
-100.0
-78.0
0.0
-100.0
-72.0
0.0
150.6388
-72.0
6.0
-100.0
-78.0
12.0
-100.0
-78.0
12.0
-100.0
-72.0
12.0
-100.0
-72.0
6.0
-100.0
-72.0
6.0
-100.0
-78.0
12.0
-100.0
-78.0
18.0
-100.0
-78.0
18.0
-100.0
-72.0
18.0
-100.0
-72.0
12.0
-100.0
-72.0
12.0
-100.0
-78.0
24.0
151.84695
-72.0
24.0
151.61208
-78.0
18.0
151.48228
-78.0
18.0
-100.0
-78.0
24.0
-100.0
-78.0
24.0
-100.0
-72.0
24.0
-100.0
-72.0
18.0
-100.0
-72.0
18.0
-100.0
-78.0
30.0
151.58347
-72.0
30.0
151.48407
-78.0
24.0
151.61208
-78.0
24.0
151.61208
-78.0
24.0
151.84695
-72.0
30.0
151.58347
-72.0
24.0
-100.0
-78.0
30.0
-100.0
-78.0
30.0
-100.0
-72.0
30.0
-100.0
-72.0
24.0
-100.0
-72.0
24.0
-100.0
-78.0
36.0
151.02344
-72.0
36.0
151.07585
-78.0
30.0
151.48407
-78.0
30.0
151.48407
-78.0
30.0
151.58347
-72.0
36.0
151.02344
-72.0
30.0
-100.0
-78.0
36.0
-100.0
-78.0
36.0
-100.0
-72.0
36.0
-100.0
-72.0
30.0
-100.0
-72.0
30.0
-100.0
-78.0
42.0
150.1858
-72.0
42.0
150.39752
-78.0
36.0
151.07585
-78.0
36.0
151.07585
-78.0
36.0
151.02344
-72.0
42.0
150.1858
-72.0
36.0
-100.0
-78.0
42.0
-100.0
-78.0
42.0
-100.0
-72.0
42.0
-100.0
-72.0
36.0
-100.0
-72.0
36.0
-100.0
-78.0
48.0
149.12059
-72.0
48.0
149.4896
-78.0
42.0
150.39752
-78.0
42.0
150.39752
-78.0
42.0
150.1858
-72.0
48.0
149.12059
-72.0
42.0
-100.0
-78.0
48.0
-100.0
-78.0
48.0
-100.0
-72.0
48.0
-100.0
-72.0
42.0
-100.0
-72.0
42.0
-100.0
-78.0
54.0
147.90515
-72.0
54.0
148.42036
-78.0
48.0
149.4896
-78.0
48.0
149.4896
-78.0
48.0
149.12059
-72.0
54.0
147.90515
-72.0
48.0
-100.0
-78.0
54.0
-100.0
-78.0
54.0
-100.0
-72.0
54.0
-100.0
-72.0
48.0
-100.0
-72.0
48.0
-100.0
-78.0
60.0
146.63522
-72.0
60.0
147.27785
-78.0
54.0
148.42036
-78.0
54.0
148.42036
-78.0
54.0
147.90515
-72.0
60.0
146.63522
-72.0
54.0
-100.0
-78.0
60.0
-100.0
-78.0
60.0
-100.0
-72.0
60.0
-100.0
-72.0
54.0
-100.0
-72.0
54.0
-100.0
-78.0
66.0
145.41223
-72.0
66.0
146.15782
-78.0
60.0
147.27785
-78.0
60.0
147.27785
-78.0
60.0
146.63522
-72.0
66.0
145.41223
-72.0
60.0
-100.0
-78.0
66.0
-100.0
-78.0
66.0
-100.0
-72.0
66.0
-100.0
-72.0
60.0
-100.0
-72.0
60.0
-100.0
-78.0
72.0
144.3298
-72.0
72.0
145.15092
-78.0
66.0
146.15782
-78.0
66.0
146.15782
-78.0
66.0
145.41223
-72.0
72.0
144.3298
-72.0
66.0
-100.0
-78.0
72.0
-100.0
-78.0
72.0
-100.0
-72.0
72.0
-100.0
-72.0
66.0
-100.0
-72.0
66.0
-100.0
-78.0
78.0
143.45818
-72.0
78.0
144.32741
-78.0
72.0
145.15092
-78.0
72.0
145.15092
-78.0
72.0
144.3298
-72.0
78.0
143.45818
-72.0
72.0
-100.0
-78.0
78.0
-100.0
-78.0
78.0
-100.0
-72.0
78.0
-100.0
-72.0
72.0
-100.0
-72.0
72.0
-100.0
-78.0
84.0
142.82588
-72.0
84.0
143.71912
-78.0
78.0
144.32741
-78.0
78.0
144.32741
-78.0
78.0
143.45818
-72.0
84.0
142.82588
-72.0
78.0
-100.0
-78.0
84.0
-100.0
-78.0
84.0
-100.0
-72.0
84.0
-100.0
-72.0
78.0
-100.0
-72.0
78.0
-100.0
-78.0
90.0
142.39938
-72.0
90.0
143.29901
-78.0
84.0
143.71912
-78.0
84.0
143.71912
-78.0
84.0
142.82588
-72.0
90.0
142.39938
-72.0
84.0
-100.0
-78.0
90.0
-100.0
-78.0
90.0
-100.0
-72.0
90.0
-100.0
-72.0
84.0
-100.0
-72.0
84.0
-100.0
-78.0
96.0
142.06728
-72.0
96.0
142.96501
-78.0
90.0
143.29901
-78.0
90.0
143.29901
-78.0
90.0
142.39938
-72.0
96.0
142.06728
-72.0
90.0
-100.0
-78.0
96.0
-100.0
-78.0
96.0
-100.0
-72.0
96.0
-100.0
-72.0
90.0
-100.0
-72.0
90.0
-100.0
-78.0
96.0
142.96501
-78.0
96.0
142.06728
-72.0
96.0
-100.0
-78.0
96.0
142.06728
-72.0
96.0
-100.0
-72.0
96.0
-100.0
-78.0
6.0
151.40334
-66.0
6.0
151.15329
-72.0
0.0
150.6388
-72.0
0.0
150.6388
-72.0
0.0
150.92184
-66.0
6.0
151.40334
-66.0
0.0
-100.0
-72.0
6.0
-100.0
-72.0
6.0
-100.0
-66.0
6.0
-100.0
-66.0
0.0
-100.0
-66.0
0.0
-100.0
-72.0
0.0
150.6388
-72.0
0.0
-100.0
-72.0
0.0
150.92184
-66.0
0.0
-100.0
-72.0
0.0
-100.0
-66.0
0.0
150.92184
-66.0
6.0
-100.0
-72.0
12.0
-100.0
-72.0
12.0
-100.0
-66.0
12.0
-100.0
-66.0
6.0
-100.0
-66.0
6.0
-100.0
-72.0
12.0
-100.0
-72.0
18.0
-100.0
-72.0
18.0
-100.0
-66.0
18.0
-100.0
-66.0
12.0
-100.0
-66.0
12.0
-100.0
-72.0
18.0
-100.0
-72.0
24.0
-100.0
-72.0
24.0
-100.0
-66.0
24.0
-100.0
-66.0
18.0
-100.0
-66.0
18.0
-100.0
-72.0
30.0
151.48293
-66.0
30.0
151.58347
-72.0
24.0
151.84695
-72.0
24.0
151.84695
-72.0
24.0
151.86473
-66.0
30.0
151.48293
-66.0
24.0
-100.0
-72.0
30.0
-100.0
-72.0
30.0
-100.0
-66.0
30.0
-100.0
-66.0
24.0
-100.0
-66.0
24.0
-100.0
-72.0
36.0
150.79404
-66.0
36.0
151.02344
-72.0
30.0
151.58347
-72.0
30.0
151.58347
-72.0
30.0
151.48293
-66.0
36.0
150.79404
-66.0
30.0
-100.0
-72.0
36.0
-100.0
-72.0
36.0
-100.0
-66.0
36.0
-100.0
-66.0
30.0
-100.0
-66.0
30.0
-100.0
-72.0
42.0
149.82547
-66.0
42.0
150.1858
-72.0
36.0
151.02344
-72.0
36.0
151.02344
-72.0
36.0
150.79404
-66.0
42.0
149.82547
-66.0
36.0
-100.0
-72.0
42.0
-100.0
-72.0
42.0
-100.0
-66.0
42.0
-100.0
-66.0
36.0
-100.0
-66.0
36.0
-100.0
-72.0
48.0
148.63583
-66.0
48.0
149.12059
-72.0
42.0
150.1858
-72.0
42.0
150.1858
-72.0
42.0
149.82547
-66.0
48.0
148.63583
-66.0
42.0
-100.0
-72.0
48.0
-100.0
-72.0
48.0
-100.0
-66.0
48.0
-100.0
-66.0
42.0
-100.0
-66.0
42.0
-100.0
-72.0
54.0
147.31012
-66.0
54.0
147.90515
-72.0
48.0
149.12059
-72.0
48.0
149.12059
-72.0
48.0
148.63583
-66.0
54.0
147.31012
-66.0
48.0
-100.0
-72.0
54.0
-100.0
-72.0
54.0
-100.0
-66.0
54.0
-100.0
-66.0
48.0
-100.0
-66.0
48.0
-100.0
-72.0
60.0
145.94997
-66.0
60.0
146.63522
-72.0
54.0
147.90515
-72.0
54.0
147.90515
-72.0
54.0
147.31012
-66.0
60.0
145.94997
-66.0
54.0
-100.0
-72.0
60.0
-100.0
-72.0
60.0
-100.0
-66.0
60.0
-100.0
-66.0
54.0
-100.0
-66.0
54.0
-100.0
-72.0
66.0
144.66048
-66.0
66.0
145.41223
-72.0
60.0
146.63522
-72.0
60.0
146.63522
-72.0
60.0
145.94997
-66.0
66.0
144.66048
-66.0
60.0
-100.0
-72.0
66.0
-100.0
-72.0
66.0
-100.0
-66.0
66.0
-100.0
-66.0
60.0
-100.0
-66.0
60.0
-100.0
-72.0
72.0
143.53644
-66.0
72.0
144.3298
-72.0
66.0
145.41223
-72.0
66.0
145.41223
-72.0
66.0
144.66048
-66.0
72.0
143.53644
-66.0
66.0
-100.0
-72.0
72.0
-100.0
-72.0
72.0
-100.0
-66.0
72.0
-100.0
-66.0
66.0
-100.0
-66.0
66.0
-100.0
-72.0
78.0
142.64662
-66.0
78.0
143.45818
-72.0
72.0
144.3298
-72.0
72.0
144.3298
-72.0
72.0
143.53644
-66.0
78.0
142.64662
-66.0
72.0
-100.0
-72.0
78.0
-100.0
-72.0
78.0
-100.0
-66.0
78.0
-100.0
-66.0
72.0
-100.0
-66.0
72.0
-100.0
-72.0
84.0
142.01573
-66.0
84.0
142.82588
-72.0
78.0
143.45818
-72.0
78.0
143.45818
-72.0
78.0
142.64662
-66.0
84.0
142.01573
-66.0
78.0
-100.0
-72.0
84.0
-100.0
-72.0
84.0
-100.0
-66.0
84.0
-100.0
-66.0
78.0
-100.0
-66.0
78.0
-100.0
-72.0
90.0
141.6044
-66.0
90.0
142.39938
-72.0
84.0
142.82588
-72.0
84.0
142.82588
-72.0
84.0
142.01573
-66.0
90.0
141.6044
-66.0
84.0
-100.0
-72.0
90.0
-100.0
-72.0
90.0
-100.0
-66.0
90.0
-100.0
-66.0
84.0
-100.0
-66.0
84.0
-100.0
-72.0
96.0
141.29398
-66.0
96.0
142.06728
-72.0
90.0
142.39938
-72.0
90.0
142.39938
-72.0
90.0
141.6044
-66.0
96.0
141.29398
-66.0
90.0
-100.0
-72.0
96.0
-100.0
-72.0
96.0
-100.0
-66.0
96.0
-100.0
-66.0
90.0
-100.0
-66.0
90.0
-100.0
-72.0
96.0
142.06728
-72.0
96.0
141.29398
-66.0
96.0
-100.0
-72.0
96.0
141.29398
-66.0
96.0
-100.0
-66.0
96.0
-100.0
-72.0
6.0
151.39302
-60.0
6.0
151.40334
-66.0
0.0
150.92184
-66.0
0.0
150.92184
-66.0
0.0
150.94275
-60.0
6.0
151.39302
-60.0
0.0
-100.0
-66.0
6.0
-100.0
-66.0
6.0
-100.0
-60.0
6.0
-100.0
-60.0
0.0
-100.0
-60.0
0.0
-100.0
-66.0
0.0
150.92184
-66.0
0.0
-100.0
-66.0
0.0
150.94275
-60.0
0.0
-100.0
-66.0
0.0
-100.0
-60.0
0.0
150.94275
-60.0
6.0
-100.0
-66.0
12.0
-100.0
-66.0
12.0
-100.0
-60.0
12.0
-100.0
-60.0
6.0
-100.0
-60.0
6.0
-100.0
-66.0
12.0
-100.0
-66.0
18.0
-100.0
-66.0
18.0
-100.0
-60.0
18.0
-100.0
-60.0
12.0
-100.0
-60.0
12.0
-100.0
-66.0
18.0
-100.0
-66.0
24.0
-100.0
-66.0
24.0
-100.0
-60.0
24.0
-100.0
-60.0
18.0
-100.0
-60.0
18.0
-100.0
-66.0
30.0
151.17932
-60.0
30.0
151.48293
-66.0
24.0
151.86473
-66.0
24.0
151.86473
-66.0
24.0
151.65549
-60.0
30.0
151.17932
-60.0
24.0
-100.0
-66.0
30.0
-100.0
-66.0
30.0
-100.0
-60.0
30.0
-100.0
-60.0
24.0
-100.0
-60.0
24.0
-100.0
-66.0
36.0
150.39218
-60.0
36.0
150.79404
-66.0
30.0
151.48293
-66.0
30.0
151.48293
-66.0
30.0
151.17932
-60.0
36.0
150.39218
-60.0
30.0
-100.0
-66.0
36.0
-100.0
-66.0
36.0
-100.0
-60.0
36.0
-100.0
-60.0
30.0
-100.0
-60.0
30.0
-100.0
-66.0
42.0
149.32904
-60.0
42.0
149.82547
-66.0
36.0
150.79404
-66.0
36.0
150.79404
-66.0
36.0
150.39218
-60.0
42.0
149.32904
-60.0
36.0
-100.0
-66.0
42.0
-100.0
-66.0
42.0
-100.0
-60.0
42.0
-100.0
-60.0
36.0
-100.0
-60.0
36.0
-100.0
-66.0
48.0
148.05556
-60.0
48.0
148.63583
-66.0
42.0
149.82547
-66.0
42.0
149.82547
-66.0
42.0
149.32904
-60.0
48.0
148.05556
-60.0
42.0
-100.0
-66.0
48.0
-100.0
-66.0
48.0
-100.0
-60.0
48.0
-100.0
-60.0
42.0
-100.0
-60.0
42.0
-100.0
-66.0
54.0
146.66237
-60.0
54.0
147.31012
-66.0
48.0
148.63583
-66.0
48.0
148.63583
-66.0
48.0
148.05556
-60.0
54.0
146.66237
-60.0
48.0
-100.0
-66.0
54.0
-100.0
-66.0
54.0
-100.0
-60.0
54.0
-100.0
-60.0
48.0
-100.0
-60.0
48.0
-100.0
-66.0
60.0
145.25482
-60.0
60.0
145.94997
-66.0
54.0
147.31012
-66.0
54.0
147.31012
-66.0
54.0
146.66237
-60.0
60.0
145.25482
-60.0
54.0
-100.0
-66.0
60.0
-100.0
-66.0
60.0
-100.0
-60.0
60.0
-100.0
-60.0
54.0
-100.0
-60.0
54.0
-100.0
-66.0
66.0
143.93939
-60.0
66.0
144.66048
-66.0
60.0
145.94997
-66.0
60.0
145.94997
-66.0
60.0
145.25482
-60.0
66.0
143.93939
-60.0
60.0
-100.0
-66.0
66.0
-100.0
-66.0
66.0
-100.0
-60.0
66.0
-100.0
-60.0
60.0
-100.0
-60.0
60.0
-100.0
-66.0
72.0
142.81004
-60.0
72.0
143.53644
-66.0
66.0
144.66048
-66.0
66.0
144.66048
-66.0
66.0
143.93939
-60.0
72.0
142.81004
-60.0
66.0
-100.0
-66.0
72.0
-100.0
-66.0
72.0
-100.0
-60.0
72.0
-100.0
-60.0
66.0
-100.0
-60.0
66.0
-100.0
-66.0
78.0
141.93274
-60.0
78.0
142.64662
-66.0
72.0
143.53644
-66.0
72.0
143.53644
-66.0
72.0
142.81004
-60.0
78.0
141.93274
-60.0
72.0
-100.0
-66.0
78.0
-100.0
-66.0
78.0
-100.0
-60.0
78.0
-100.0
-60.0
72.0
-100.0
-60.0
72.0
-100.0
-66.0
84.0
141.32802
-60.0
84.0
142.01573
-66.0
78.0
142.64662
-66.0
78.0
142.64662
-66.0
78.0
141.93274
-60.0
84.0
141.32802
-60.0
78.0
-100.0
-66.0
84.0
-100.0
-66.0
84.0
-100.0
-60.0
84.0
-100.0
-60.0
78.0
-100.0
-60.0
78.0
-100.0
-66.0
90.0
140.95178
-60.0
90.0
141.6044
-66.0
84.0
142.01573
-66.0
84.0
142.01573
-66.0
84.0
141.32802
-60.0
90.0
140.95178
-60.0
84.0
-100.0
-66.0
90.0
-100.0
-66.0
90.0
-100.0
-60.0
90.0
-100.0
-60.0
84.0
-100.0
-60.0
84.0
-100.0
-66.0
96.0
140.68092
-60.0
96.0
141.29398
-66.0
90.0
141.6044
-66.0
90.0
141.6044
-66.0
90.0
140.95178
-60.0
96.0
140.68092
-60.0
90.0
-100.0
-66.0
96.0
-100.0
-66.0
96.0
-100.0
-60.0
96.0
-100.0
-60.0
90.0
-100.0
-60.0
90.0
-100.0
-66.0
96.0
141.29398
-66.0
96.0
140.68092
-60.0
96.0
-100.0
-66.0
96.0
140.68092
-60.0
96.0
-100.0
-60.0
96.0
-100.0
-66.0
6.0
151.12273
-54.0
6.0
151.39302
-60.0
0.0
150.94275
-60.0
0.0
150.94275
-60.0
0.0
150.70117
-54.0
6.0
151.12273
-54.0
0.0
-100.0
-60.0
6.0
-100.0
-60.0
6.0
-100.0
-54.0
6.0
-100.0
-54.0
0.0
-100.0
-54.0
0.0
-100.0
-60.0
0.0
150.94275
-60.0
0.0
-100.0
-60.0
0.0
150.70117
-54.0
0.0
-100.0
-60.0
0.0
-100.0
-54.0
0.0
150.70117
-54.0
12.0
151.40364
-54.0
12.0
151.71492
-60.0
6.0
151.39302
-60.0
6.0
151.39302
-60.0
6.0
151.12273
-54.0
12.0
151.40364
-54.0
6.0
-100.0
-60.0
12.0
-100.0
-60.0
12.0
-100.0
-54.0
12.0
-100.0
-54.0
6.0
-100.0
-54.0
6.0
-100.0
-60.0
12.0
151.71492
-60.0
12.0
151.40364
-54.0
18.0
151.4573
-54.0
12.0
-100.0
-60.0
18.0
-100.0
-60.0
18.0
-100.0
-54.0
18.0
-100.0
-54.0
12.0
-100.0
-54.0
12.0
-100.0
-60.0
18.0
-100.0
-60.0
24.0
-100.0
-60.0
24.0
-100.0
-54.0
24.0
-100.0
-54.0
18.0
-100.0
-54.0
18.0
-100.0
-60.0
30.0
150.68568
-54.0
30.0
151.17932
-60.0
24.0
151.65549
-60.0
24.0
151.65549
-60.0
24.0
151.22787
-54.0
30.0
150.68568
-54.0
24.0
-100.0
-60.0
30.0
-100.0
-60.0
30.0
-100.0
-54.0
30.0
-100.0
-54.0
24.0
-100.0
-54.0
24.0
-100.0
-60.0
36.0
149.83545
-54.0
36.0
150.39218
-60.0
30.0
151.17932
-60.0
30.0
151.17932
-60.0
30.0
150.68568
-54.0
36.0
149.83545
-54.0
30.0
-100.0
-60.0
36.0
-100.0
-60.0
36.0
-100.0
-54.0
36.0
-100.0
-54.0
30.0
-100.0
-54.0
30.0
-100.0
-60.0
42.0
148.71837
-54.0
42.0
149.32904
-60.0
36.0
150.39218
-60.0
36.0
150.39218
-60.0
36.0
149.83545
-54.0
42.0
148.71837
-54.0
36.0
-100.0
-60.0
42.0
-100.0
-60.0
42.0
-100.0
-54.0
42.0
-100.0
-54.0
36.0
-100.0
-54.0
36.0
-100.0
-60.0
48.0
147.40521
-54.0
48.0
148.05556
-60.0
42.0
149.32904
-60.0
42.0
149.32904
-60.0
42.0
148.71837
-54.0
48.0
147.40521
-54.0
42.0
-100.0
-60.0
48.0
-100.0
-60.0
48.0
-100.0
-54.0
48.0
-100.0
-54.0
42.0
-100.0
-54.0
42.0
-100.0
-60.0
54.0
145.98999
-54.0
54.0
146.66237
-60.0
48.0
148.05556
-60.0
48.0
148.05556
-60.0
48.0
147.40521
-54.0
54.0
145.98999
-54.0
48.0
-100.0
-60.0
54.0
-100.0
-60.0
54.0
-100.0
-54.0
54.0
-100.0
-54.0
48.0
-100.0
-54.0
48.0
-100.0
-60.0
60.0
144.57925
-54.0
60.0
145.25482
-60.0
54.0
146.66237
-60.0
54.0
146.66237
-60.0
54.0
145.98999
-54.0
60.0
144.57925
-54.0
54.0
-100.0
-60.0
60.0
-100.0
-60.0
60.0
-100.0
-54.0
60.0
-100.0
-54.0
54.0
-100.0
-54.0
54.0
-100.0
-60.0
66.0
143.27858
-54.0
66.0
143.93939
-60.0
60.0
145.25482
-60.0
60.0
145.25482
-60.0
60.0
144.57925
-54.0
66.0
143.27858
-54.0
60.0
-100.0
-60.0
66.0
-100.0
-60.0
66.0
-100.0
-54.0
66.0
-100.0
-54.0
60.0
-100.0
-54.0
60.0
-100.0
-60.0
72.0
142.17917
-54.0
72.0
142.81004
-60.0
66.0
143.93939
-60.0
66.0
143.93939
-60.0
66.0
143.27858
-54.0
72.0
142.17917
-54.0
66.0
-100.0
-60.0
72.0
-100.0
-60.0
72.0
-100.0
-54.0
72.0
-100.0
-54.0
66.0
-100.0
-54.0
66.0
-100.0
-60.0
78.0
141.343
-54.0
78.0
141.93274
-60.0
72.0
142.81004
-60.0
72.0
142.81004
-60.0
72.0
142.17917
-54.0
78.0
141.343
-54.0
72.0
-100.0
-60.0
78.0
-100.0
-60.0
78.0
-100.0
-54.0
78.0
-100.0
-54.0
72.0
-100.0
-54.0
72.0
-100.0
-60.0
84.0
140.78636
-54.0
84.0
141.32802
-60.0
78.0
141.93274
-60.0
78.0
141.93274
-60.0
78.0
141.343
-54.0
84.0
140.78636
-54.0
78.0
-100.0
-60.0
84.0
-100.0
-60.0
84.0
-100.0
-54.0
84.0
-100.0
-54.0
78.0
-100.0
-54.0
78.0
-100.0
-60.0
90.0
140.46191
-54.0
90.0
140.95178
-60.0
84.0
141.32802
-60.0
84.0
141.32802
-60.0
84.0
140.78636
-54.0
90.0
140.46191
-54.0
84.0
-100.0
-60.0
90.0
-100.0
-60.0
90.0
-100.0
-54.0
90.0
-100.0
-54.0
84.0
-100.0
-54.0
84.0
-100.0
-60.0
96.0
140.24512
-54.0
96.0
140.68092
-60.0
90.0
140.95178
-60.0
90.0
140.95178
-60.0
90.0
140.46191
-54.0
96.0
140.24512
-54.0
90.0
-100.0
-60.0
96.0
-100.0
-60.0
96.0
-100.0
-54.0
96.0
-100.0
-54.0
90.0
-100.0
-54.0
90.0
-100.0
-60.0
96.0
140.68092
-60.0
96.0
140.24512
-54.0
96.0
-100.0
-60.0
96.0
140.24512
-54.0
96.0
-100.0
-54.0
96.0
-100.0
-60.0
6.0
150.61661
-48.0
6.0
151.12273
-54.0
0.0
150.70117
-54.0
0.0
150.70117
-54.0
0.0
150.22075
-48.0
6.0
150.61661
-48.0
0.0
-100.0
-54.0
6.0
-100.0
-54.0
6.0
-100.0
-48.0
6.0
-100.0
-48.0
0.0
-100.0
-48.0
0.0
-100.0
-54.0
0.0
150.70117
-54.0
0.0
-100.0
-54.0
0.0
150.22075
-48.0
0.0
-100.0
-54.0
0.0
-100.0
-48.0
0.0
150.22075
-48.0
12.0
150.86458
-48.0
12.0
151.40364
-54.0
6.0
151.12273
-54.0
6.0
151.12273
-54.0
6.0
150.61661
-48.0
12.0
150.86458
-48.0
6.0
-100.0
-54.0
12.0
-100.0
-54.0
12.0
-100.0
-48.0
12.0
-100.0
-48.0
6.0
-100.0
-48.0
6.0
-100.0
-54.0
18.0
150.87943
-48.0
18.0
151.4573
-54.0
12.0
151.40364
-54.0
12.0
151.40364
-54.0
12.0
150.86458
-48.0
18.0
150.87943
-48.0
12.0
-100.0
-54.0
18.0
-100.0
-54.0
18.0
-100.0
-48.0
18.0
-100.0
-48.0
12.0
-100.0
-48.0
12.0
-100.0
-54.0
24.0
150.60965
-48.0
24.0
151.22787
-54.0
18.0
151.4573
-54.0
18.0
151.4573
-54.0
18.0
150.87943
-48.0
24.0
150.60965
-48.0
18.0
-100.0
-54.0
24.0
-100.0
-54.0
24.0
-100.0
-48.0
24.0
-100.0
-48.0
18.0
-100.0
-48.0
18.0
-100.0
-54.0
30.0
150.03094
-48.0
30.0
150.68568
-54.0
24.0
151.22787
-54.0
24.0
151.22787
-54.0
24.0
150.60965
-48.0
30.0
150.03094
-48.0
24.0
-100.0
-54.0
30.0
-100.0
-54.0
30.0
-100.0
-48.0
30.0
-100.0
-48.0
24.0
-100.0
-48.0
24.0
-100.0
-54.0
36.0
149.15341
-48.0
36.0
149.83545
-54.0
30.0
150.68568
-54.0
30.0
150.68568
-54.0
30.0
150.03094
-48.0
36.0
149.15341
-48.0
30.0
-100.0
-54.0
36.0
-100.0
-54.0
36.0
-100.0
-48.0
36.0
-100.0
-48.0
30.0
-100.0
-48.0
30.0
-100.0
-54.0
42.0
148.02281
-48.0
42.0
148.71837
-54.0
36.0
149.83545
-54.0
36.0
149.83545
-54.0
36.0
149.15341
-48.0
42.0
148.02281
-48.0
36.0
-100.0
-54.0
42.0
-100.0
-54.0
42.0
-100.0
-48.0
42.0
-100.0
-48.0
36.0
-100.0
-48.0
36.0
-100.0
-54.0
48.0
146.71295
-48.0
48.0
147.40521
-54.0
42.0
148.71837
-54.0
42.0
148.71837
-54.0
42.0
148.02281
-48.0
48.0
146.71295
-48.0
42.0
-100.0
-54.0
48.0
-100.0
-54.0
48.0
-100.0
-48.0
48.0
-100.0
-48.0
42.0
-100.0
-48.0
42.0
-100.0
-54.0
54.0
145.31885
-48.0
54.0
145.98999
-54.0
48.0
147.40521
-54.0
48.0
147.40521
-54.0
48.0
146.71295
-48.0
54.0
145.31885
-48.0
48.0
-100.0
-54.0
54.0
-100.0
-54.0
54.0
-100.0
-48.0
54.0
-100.0
-48.0
48.0
-100.0
-48.0
48.0
-100.0
-54.0
60.0
143.94588
-48.0
60.0
144.57925
-54.0
54.0
145.98999
-54.0
54.0
145.98999
-54.0
54.0
145.31885
-48.0
60.0
143.94588
-48.0
54.0
-100.0
-54.0
60.0
-100.0
-54.0
60.0
-100.0
-48.0
60.0
-100.0
-48.0
54.0
-100.0
-48.0
54.0
-100.0
-54.0
66.0
142.6966
-48.0
66.0
143.27858
-54.0
60.0
144.57925
-54.0
60.0
144.57925
-54.0
60.0
143.94588
-48.0
66.0
142.6966
-48.0
60.0
-100.0
-54.0
66.0
-100.0
-54.0
66.0
-100.0
-48.0
66.0
-100.0
-48.0
60.0
-100.0
-48.0
60.0
-100.0
-54.0
72.0
141.65779
-48.0
72.0
142.17917
-54.0
66.0
143.27858
-54.0
66.0
143.27858
-54.0
66.0
142.6966
-48.0
72.0
141.65779
-48.0
66.0
-100.0
-54.0
72.0
-100.0
-54.0
72.0
-100.0
-48.0
72.0
-100.0
-48.0
66.0
-100.0
-48.0
66.0
-100.0
-54.0
78.0
140.88664
-48.0
78.0
141.343
-54.0
72.0
142.17917
-54.0
72.0
142.17917
-54.0
72.0
141.65779
-48.0
78.0
140.88664
-48.0
72.0
-100.0
-54.0
78.0
-100.0
-54.0
78.0
-100.0
-48.0
78.0
-100.0
-48.0
72.0
-100.0
-48.0
72.0
-100.0
-54.0
84.0
140.39537
-48.0
84.0
140.78636
-54.0
78.0
141.343
-54.0
78.0
141.343
-54.0
78.0
140.88664
-48.0
84.0
140.39537
-48.0
78.0
-100.0
-54.0
84.0
-100.0
-54.0
84.0
-100.0
-48.0
84.0
-100.0
-48.0
78.0
-100.0
-48.0
78.0
-100.0
-54.0
90.0
140.13495
-48.0
90.0
140.46191
-54.0
84.0
140.78636
-54.0
84.0
140.78636
-54.0
84.0
140.39537
-48.0
90.0
140.13495
-48.0
84.0
-100.0
-54.0
90.0
-100.0
-54.0
90.0
-100.0
-48.0
90.0
-100.0
-48.0
84.0
-100.0
-48.0
84.0
-100.0
-54.0
96.0
139.9824
-48.0
96.0
140.24512
-54.0
90.0
140.46191
-54.0
90.0
140.46191
-54.0
90.0
140.13495
-48.0
96.0
139.9824
-48.0
90.0
-100.0
-54.0
96.0
-100.0
-54.0
96.0
-100.0
-48.0
96.0
-100.0
-48.0
90.0
-100.0
-48.0
90.0
-100.0
-54.0
96.0
140.24512
-54.0
96.0
139.9824
-48.0
96.0
-100.0
-54.0
96.0
139.9824
-48.0
96.0
-100.0
-48.0
96.0
-100.0
-54.0
6.0
149.92162
-42.0
6.0
150.61661
-48.0
0.0
150.22075
-48.0
0.0
150.22075
-48.0
0.0
149.54819
-42.0
6.0
149.92162
-42.0
0.0
-100.0
-48.0
6.0
-100.0
-48.0
6.0
-100.0
-42.0
6.0
-100.0
-42.0
0.0
-100.0
-42.0
0.0
-100.0
-48.0
0.0
150.22075
-48.0
0.0
-100.0
-48.0
0.0
149.54819
-42.0
0.0
-100.0
-48.0
0.0
-100.0
-42.0
0.0
149.54819
-42.0
12.0
150.14479
-42.0
12.0
150.86458
-48.0
6.0
150.61661
-48.0
6.0
150.61661
-48.0
6.0
149.92162
-42.0
12.0
150.14479
-42.0
6.0
-100.0
-48.0
12.0
-100.0
-48.0
12.0
-100.0
-42.0
12.0
-100.0
-42.0
6.0
-100.0
-42.0
6.0
-100.0
-48.0
18.0
150.13533
-42.0
18.0
150.87943
-48.0
12.0
150.86458
-48.0
12.0
150.86458
-48.0
12.0
150.14479
-42.0
18.0
150.13533
-42.0
12.0
-100.0
-48.0
18.0
-100.0
-48.0
18.0
-100.0
-42.0
18.0
-100.0
-42.0
12.0
-100.0
-42.0
12.0
-100.0
-48.0
24.0
149.84634
-42.0
24.0
150.60965
-48.0
18.0
150.87943
-48.0
18.0
150.87943
-48.0
18.0
150.13533
-42.0
24.0
149.84634
-42.0
18.0
-100.0
-48.0
24.0
-100.0
-48.0
24.0
-100.0
-42.0
24.0
-100.0
-42.0
18.0
-100.0
-42.0
18.0
-100.0
-48.0
30.0
149.25838
-42.0
30.0
150.03094
-48.0
24.0
150.60965
-48.0
24.0
150.60965
-48.0
24.0
149.84634
-42.0
30.0
149.25838
-42.0
24.0
-100.0
-48.0
30.0
-100.0
-48.0
30.0
-100.0
-42.0
30.0
-100.0
-42.0
24.0
-100.0
-42.0
24.0
-100.0
-48.0
36.0
148.38577
-42.0
36.0
149.15341
-48.0
30.0
150.03094
-48.0
30.0
150.03094
-48.0
30.0
149.25838
-42.0
36.0
148.38577
-42.0
30.0
-100.0
-48.0
36.0
-100.0
-48.0
36.0
-100.0
-42.0
36.0
-100.0
-42.0
30.0
-100.0
-42.0
30.0
-100.0
-48.0
42.0
147.27718
-42.0
42.0
148.02281
-48.0
36.0
149.15341
-48.0
36.0
149.15341
-48.0
36.0
148.38577
-42.0
42.0
147.27718
-42.0
36.0
-100.0
-48.0
42.0
-100.0
-48.0
42.0
-100.0
-42.0
42.0
-100.0
-42.0
36.0
-100.0
-42.0
36.0
-100.0
-48.0
48.0
146.00743
-42.0
48.0
146.71295
-48.0
42.0
148.02281
-48.0
42.0
148.02281
-48.0
42.0
147.27718
-42.0
48.0
146.00743
-42.0
42.0
-100.0
-48.0
48.0
-100.0
-48.0
48.0
-100.0
-42.0
48.0
-100.0
-42.0
42.0
-100.0
-42.0
42.0
-100.0
-48.0
54.0
144.67043
-42.0
54.0
145.31885
-48.0
48.0
146.71295
-48.0
48.0
146.71295
-48.0
48.0
146.00743
-42.0
54.0
144.67043
-42.0
48.0
-100.0
-48.0
54.0
-100.0
-48.0
54.0
-100.0
-42.0
54.0
-100.0
-42.0
48.0
-100.0
-42.0
48.0
-100.0
-48.0
60.0
143.36841
-42.0
60.0
143.94588
-48.0
54.0
145.31885
-48.0
54.0
145.31885
-48.0
54.0
144.67043
-42.0
60.0
143.36841
-42.0
54.0
-100.0
-48.0
60.0
-100.0
-48.0
60.0
-100.0
-42.0
60.0
-100.0
-42.0
54.0
-100.0
-42.0
54.0
-100.0
-48.0
66.0
142.19919
-42.0
66.0
142.6966
-48.0
60.0
143.94588
-48.0
60.0
143.94588
-48.0
60.0
143.36841
-42.0
66.0
142.19919
-42.0
60.0
-100.0
-48.0
66.0
-100.0
-48.0
66.0
-100.0
-42.0
66.0
-100.0
-42.0
60.0
-100.0
-42.0
60.0
-100.0
-48.0
72.0
141.24402
-42.0
72.0
141.65779
-48.0
66.0
142.6966
-48.0
66.0
142.6966
-48.0
66.0
142.19919
-42.0
72.0
141.24402
-42.0
66.0
-100.0
-48.0
72.0
-100.0
-48.0
72.0
-100.0
-42.0
72.0
-100.0
-42.0
66.0
-100.0
-42.0
66.0
-100.0
-48.0
78.0
140.55478
-42.0
78.0
140.88664
-48.0
72.0
141.65779
-48.0
72.0
141.65779
-48.0
72.0
141.24402
-42.0
78.0
140.55478
-42.0
72.0
-100.0
-48.0
78.0
-100.0
-48.0
78.0
-100.0
-42.0
78.0
-100.0
-42.0
72.0
-100.0
-42.0
72.0
-100.0
-48.0
84.0
140.1401
-42.0
84.0
140.39537
-48.0
78.0
140.88664
-48.0
78.0
140.88664
-48.0
78.0
140.55478
-42.0
84.0
140.1401
-42.0
78.0
-100.0
-48.0
84.0
-100.0
-48.0
84.0
-100.0
-42.0
84.0
-100.0
-42.0
78.0
-100.0
-42.0
78.0
-100.0
-48.0
90.0
139.95074
-42.0
90.0
140.13495
-48.0
84.0
140.39537
-48.0
84.0
140.39537
-48.0
84.0
140.1401
-42.0
90.0
139.95074
-42.0
84.0
-100.0
-48.0
90.0
-100.0
-48.0
90.0
-100.0
-42.0
90.0
-100.0
-42.0
84.0
-100.0
-42.0
84.0
-100.0
-48.0
96.0
139.86794
-42.0
96.0
139.9824
-48.0
90.0
140.13495
-48.0
90.0
140.13495
-48.0
90.0
139.95074
-42.0
96.0
139.86794
-42.0
90.0
-100.0
-48.0
96.0
-100.0
-48.0
96.0
-100.0
-42.0
96.0
-100.0
-42.0
90.0
-100.0
-42.0
90.0
-100.0
-48.0
96.0
139.9824
-48.0
96.0
139.86794
-42.0
96.0
-100.0
-48.0
96.0
139.86794
-42.0
96.0
-100.0
-42.0
96.0
-100.0
-48.0
6.0
149.10378
-36.0
6.0
149.92162
-42.0
0.0
149.54819
-42.0
0.0
149.54819
-42.0
0.0
148.74953
-36.0
6.0
149.10378
-36.0
0.0
-100.0
-42.0
6.0
-100.0
-42.0
6.0
-100.0
-36.0
6.0
-100.0
-36.0
0.0
-100.0
-36.0
0.0
-100.0
-42.0
0.0
149.54819
-42.0
0.0
-100.0
-42.0
0.0
148.74953
-36.0
0.0
-100.0
-42.0
0.0
-100.0
-36.0
0.0
148.74953
-36.0
12.0
149.3095
-36.0
12.0
150.14479
-42.0
6.0
149.92162
-42.0
6.0
149.92162
-42.0
6.0
149.10378
-36.0
12.0
149.3095
-36.0
6.0
-100.0
-42.0
12.0
-100.0
-42.0
12.0
-100.0
-36.0
12.0
-100.0
-36.0
6.0
-100.0
-36.0
6.0
-100.0
-42.0
18.0
149.28818
-36.0
18.0
150.13533
-42.0
12.0
150.14479
-42.0
12.0
150.14479
-42.0
12.0
149.3095
-36.0
18.0
149.28818
-36.0
12.0
-100.0
-42.0
18.0
-100.0
-42.0
18.0
-100.0
-36.0
18.0
-100.0
-36.0
12.0
-100.0
-36.0
12.0
-100.0
-42.0
24.0
148.99744
-36.0
24.0
149.84634
-42.0
18.0
150.13533
-42.0
18.0
150.13533
-42.0
18.0
149.28818
-36.0
24.0
148.99744
-36.0
18.0
-100.0
-42.0
24.0
-100.0
-42.0
24.0
-100.0
-36.0
24.0
-100.0
-36.0
18.0
-100.0
-36.0
18.0
-100.0
-42.0
30.0
148.42195
-36.0
30.0
149.25838
-42.0
24.0
149.84634
-42.0
24.0
149.84634
-42.0
24.0
148.99744
-36.0
30.0
148.42195
-36.0
24.0
-100.0
-42.0
30.0
-100.0
-42.0
30.0
-100.0
-36.0
30.0
-100.0
-36.0
24.0
-100.0
-36.0
24.0
-100.0
-42.0
36.0
147.57912
-36.0
36.0
148.38577
-42.0
30.0
149.25838
-42.0
30.0
149.25838
-42.0
30.0
148.42195
-36.0
36.0
147.57912
-36.0
30.0
-100.0
-42.0
36.0
-100.0
-42.0
36.0
-100.0
-36.0
36.0
-100.0
-36.0
30.0
-100.0
-36.0
30.0
-100.0
-42.0
42.0
146.51895
-36.0
42.0
147.27718
-42.0
36.0
148.38577
-42.0
36.0
148.38577
-42.0
36.0
147.57912
-36.0
42.0
146.51895
-36.0
36.0
-100.0
-42.0
42.0
-100.0
-42.0
42.0
-100.0
-36.0
42.0
-100.0
-36.0
36.0
-100.0
-36.0
36.0
-100.0
-42.0
48.0
145.31566
-36.0
48.0
146.00743
-42.0
42.0
147.27718
-42.0
42.0
147.27718
-42.0
42.0
146.51895
-36.0
48.0
145.31566
-36.0
42.0
-100.0
-42.0
48.0
-100.0
-42.0
48.0
-100.0
-36.0
48.0
-100.0
-36.0
42.0
-100.0
-36.0
42.0
-100.0
-42.0
54.0
144.06042
-36.0
54.0
144.67043
-42.0
48.0
146.00743
-42.0
48.0
146.00743
-42.0
48.0
145.31566
-36.0
54.0
144.06042
-36.0
48.0
-100.0
-42.0
54.0
-100.0
-42.0
54.0
-100.0
-36.0
54.0
-100.0
-36.0
48.0
-100.0
-36.0
48.0
-100.0
-42.0
60.0
142.85098
-36.0
60.0
143.36841
-42.0
54.0
144.67043
-42.0
54.0
144.67043
-42.0
54.0
144.06042
-36.0
60.0
142.85098
-36.0
54.0
-100.0
-42.0
60.0
-100.0
-42.0
60.0
-100.0
-36.0
60.0
-100.0
-36.0
54.0
-100.0
-36.0
54.0
-100.0
-42.0
66.0
141.77939
-36.0
66.0
142.19919
-42.0
60.0
143.36841
-42.0
60.0
143.36841
-42.0
60.0
142.85098
-36.0
66.0
141.77939
-36.0
60.0
-100.0
-42.0
66.0
-100.0
-42.0
66.0
-100.0
-36.0
66.0
-100.0
-36.0
60.0
-100.0
-36.0
60.0
-100.0
-42.0
72.0
140.92084
-36.0
72.0
141.24402
-42.0
66.0
142.19919
-42.0
66.0
142.19919
-42.0
66.0
141.77939
-36.0
72.0
140.92084
-36.0
66.0
-100.0
-42.0
72.0
-100.0
-42.0
72.0
-100.0
-36.0
72.0
-100.0
-36.0
66.0
-100.0
-36.0
66.0
-100.0
-42.0
78.0
140.3219
-36.0
78.0
140.55478
-42.0
72.0
141.24402
-42.0
72.0
141.24402
-42.0
72.0
140.92084
-36.0
78.0
140.3219
-36.0
72.0
-100.0
-42.0
78.0
-100.0
-42.0
78.0
-100.0
-36.0
78.0
-100.0
-36.0
72.0
-100.0
-36.0
72.0
-100.0
-42.0
84.0
139.98822
-36.0
84.0
140.1401
-42.0
78.0
140.55478
-42.0
78.0
140.55478
-42.0
78.0
140.3219
-36.0
84.0
139.98822
-36.0
78.0
-100.0
-42.0
84.0
-100.0
-42.0
84.0
-100.0
-36.0
84.0
-100.0
-36.0
78.0
-100.0
-36.0
78.0
-100.0
-42.0
90.0
139.87158
-36.0
90.0
139.95074
-42.0
84.0
140.1401
-42.0
84.0
140.1401
-42.0
84.0
139.98822
-36.0
90.0
139.87158
-36.0
84.0
-100.0
-42.0
90.0
-100.0
-42.0
90.0
-100.0
-36.0
90.0
-100.0
-36.0
84.0
-100.0
-36.0
84.0
-100.0
-42.0
96.0
139.85918
-36.0
96.0
139.86794
-42.0
90.0
139.95074
-42.0
90.0
139.95074
-42.0
90.0
139.87158
-36.0
96.0
139.85918
-36.0
90.0
-100.0
-42.0
96.0
-100.0
-42.0
96.0
-100.0
-36.0
96.0
-100.0
-36.0
90.0
-100.0
-36.0
90.0
-100.0
-42.0
96.0
139.86794
-42.0
96.0
139.85918
-36.0
96.0
-100.0
-42.0
96.0
139.85918
-36.0
96.0
-100.0
-36.0
96.0
-100.0
-42.0
6.0
148.24142
-30.0
6.0
149.10378
-36.0
0.0
148.74953
-36.0
0.0
148.74953
-36.0
0.0
147.90338
-30.0
6.0
148.24142
-30.0
0.0
-100.0
-36.0
6.0
-100.0
-36.0
6.0
-100.0
-30.0
6.0
-100.0
-30.0
0.0
-100.0
-30.0
0.0
-100.0
-36.0
0.0
148.74953
-36.0
0.0
-100.0
-36.0
0.0
147.90338
-30.0
0.0
-100.0
-36.0
0.0
-100.0
-30.0
0.0
147.90338
-30.0
12.0
148.43556
-30.0
12.0
149.3095
-36.0
6.0
149.10378
-36.0
6.0
149.10378
-36.0
6.0
148.24142
-30.0
12.0
148.43556
-30.0
6.0
-100.0
-36.0
12.0
-100.0
-36.0
12.0
-100.0
-30.0
12.0
-100.0
-30.0
6.0
-100.0
-30.0
6.0
-100.0
-36.0
18.0
148.41145
-30.0
18.0
149.28818
-36.0
12.0
149.3095
-36.0
12.0
149.3095
-36.0
12.0
148.43556
-30.0
18.0
148.41145
-30.0
12.0
-100.0
-36.0
18.0
-100.0
-36.0
18.0
-100.0
-30.0
18.0
-100.0
-30.0
12.0
-100.0
-30.0
12.0
-100.0
-36.0
24.0
148.13077
-30.0
24.0
148.99744
-36.0
18.0
149.28818
-36.0
18.0
149.28818
-36.0
18.0
148.41145
-30.0
24.0
148.13077
-30.0
18.0
-100.0
-36.0
24.0
-100.0
-36.0
24.0
-100.0
-30.0
24.0
-100.0
-30.0
18.0
-100.0
-30.0
18.0
-100.0
-36.0
30.0
147.58147
-30.0
30.0
148.42195
-36.0
24.0
148.99744
-36.0
24.0
148.99744
-36.0
24.0
148.13077
-30.0
30.0
147.58147
-30.0
24.0
-100.0
-36.0
30.0
-100.0
-36.0
30.0
-100.0
-30.0
30.0
-100.0
-30.0
24.0
-100.0
-30.0
24.0
-100.0
-36.0
36.0
146.78291
-30.0
36.0
147.57912
-36.0
30.0
148.42195
-36.0
30.0
148.42195
-36.0
30.0
147.58147
-30.0
36.0
146.78291
-30.0
30.0
-100.0
-36.0
36.0
-100.0
-36.0
36.0
-100.0
-30.0
36.0
-100.0
-30.0
30.0
-100.0
-30.0
30.0
-100.0
-36.0
42.0
145.78535
-30.0
42.0
146.51895
-36.0
36.0
147.57912
-36.0
36.0
147.57912
-36.0
36.0
146.78291
-30.0
42.0
145.78535
-30.0
36.0
-100.0
-36.0
42.0
-100.0
-36.0
42.0
-100.0
-30.0
42.0
-100.0
-30.0
36.0
-100.0
-30.0
36.0
-100.0
-36.0
48.0
144.6613
-30.0
48.0
145.31566
-36.0
42.0
146.51895
-36.0
42.0
146.51895
-36.0
42.0
145.78535
-30.0
48.0
144.6613
-30.0
42.0
-100.0
-36.0
48.0
-100.0
-36.0
48.0
-100.0
-30.0
48.0
-100.0
-30.0
42.0
-100.0
-30.0
42.0
-100.0
-36.0
54.0
143.49834
-30.0
54.0
144.06042
-36.0
48.0
145.31566
-36.0
48.0
145.31566
-36.0
48.0
144.6613
-30.0
54.0
143.49834
-30.0
48.0
-100.0
-36.0
54.0
-100.0
-36.0
54.0
-100.0
-30.0
54.0
-100.0
-30.0
48.0
-100.0
-30.0
48.0
-100.0
-36.0
60.0
142.3891
-30.0
60.0
142.85098
-36.0
54.0
144.06042
-36.0
54.0
144.06042
-36.0
54.0
143.49834
-30.0
60.0
142.3891
-30.0
54.0
-100.0
-36.0
60.0
-100.0
-36.0
60.0
-100.0
-30.0
60.0
-100.0
-30.0
54.0
-100.0
-30.0
54.0
-100.0
-36.0
66.0
141.41972
-30.0
66.0
141.77939
-36.0
60.0
142.85098
-36.0
60.0
142.85098
-36.0
60.0
142.3891
-30.0
66.0
141.41972
-30.0
60.0
-100.0
-36.0
66.0
-100.0
-36.0
66.0
-100.0
-30.0
66.0
-100.0
-30.0
60.0
-100.0
-30.0
60.0
-100.0
-36.0
72.0
140.65947
-30.0
72.0
140.92084
-36.0
66.0
141.77939
-36.0
66.0
141.77939
-36.0
66.0
141.41972
-30.0
72.0
140.65947
-30.0
66.0
-100.0
-36.0
72.0
-100.0
-36.0
72.0
-100.0
-30.0
72.0
-100.0
-30.0
66.0
-100.0
-30.0
66.0
-100.0
-36.0
78.0
140.15009
-30.0
78.0
140.3219
-36.0
72.0
140.92084
-36.0
72.0
140.92084
-36.0
72.0
140.65947
-30.0
78.0
140.15009
-30.0
72.0
-100.0
-36.0
78.0
-100.0
-36.0
78.0
-100.0
-30.0
78.0
-100.0
-30.0
72.0
-100.0
-30.0
72.0
-100.0
-36.0
84.0
139.8949
-30.0
84.0
139.98822
-36.0
78.0
140.3219
-36.0
78.0
140.3219
-36.0
78.0
140.15009
-30.0
84.0
139.8949
-30.0
78.0
-100.0
-36.0
84.0
-100.0
-36.0
84.0
-100.0
-30.0
84.0
-100.0
-30.0
78.0
-100.0
-30.0
78.0
-100.0
-36.0
90.0
139.84752
-30.0
90.0
139.87158
-36.0
84.0
139.98822
-36.0
84.0
139.98822
-36.0
84.0
139.8949
-30.0
90.0
139.84752
-30.0
84.0
-100.0
-36.0
90.0
-100.0
-36.0
90.0
-100.0
-30.0
90.0
-100.0
-30.0
84.0
-100.0
-30.0
84.0
-100.0
-36.0
96.0
139.90195
-30.0
96.0
139.85918
-36.0
90.0
139.87158
-36.0
90.0
139.87158
-36.0
90.0
139.84752
-30.0
96.0
139.90195
-30.0
90.0
-100.0
-36.0
96.0
-100.0
-36.0
96.0
-100.0
-30.0
96.0
-100.0
-30.0
90.0
-100.0
-30.0
90.0
-100.0
-36.0
96.0
139.85918
-36.0
96.0
139.90195
-30.0
96.0
-100.0
-36.0
96.0
139.90195
-30.0
96.0
-100.0
-30.0
96.0
-100.0
-36.0
6.0
147.41571
-24.0
6.0
148.24142
-30.0
0.0
147.90338
-30.0
0.0
147.90338
-30.0
0.0
147.0913
-24.0
6.0
147.41571
-24.0
0.0
-100.0
-30.0
6.0
-100.0
-30.0
6.0
-100.0
-24.0
6.0
-100.0
-24.0
0.0
-100.0
-24.0
0.0
-100.0
-30.0
0.0
147.90338
-30.0
0.0
-100.0
-30.0
0.0
147.0913
-24.0
0.0
-100.0
-30.0
0.0
-100.0
-24.0
0.0
147.0913
-24.0
12.0
147.60211
-24.0
12.0
148.43556
-30.0
6.0
148.24142
-30.0
6.0
148.24142
-30.0
6.0
147.41571
-24.0
12.0
147.60211
-24.0
6.0
-100.0
-30.0
12.0
-100.0
-30.0
12.0
-100.0
-24.0
12.0
-100.0
-24.0
6.0
-100.0
-24.0
6.0
-100.0
-30.0
18.0
147.58008
-24.0
18.0
148.41145
-30.0
12.0
148.43556
-30.0
12.0
148.43556
-30.0
12.0
147.60211
-24.0
18.0
147.58008
-24.0
12.0
-100.0
-30.0
18.0
-100.0
-30.0
18.0
-100.0
-24.0
18.0
-100.0
-24.0
12.0
-100.0
-24.0
12.0
-100.0
-30.0
24.0
147.31445
-24.0
24.0
148.13077
-30.0
18.0
148.41145
-30.0
18.0
148.41145
-30.0
18.0
147.58008
-24.0
24.0
147.31445
-24.0
18.0
-100.0
-30.0
24.0
-100.0
-30.0
24.0
-100.0
-24.0
24.0
-100.0
-24.0
18.0
-100.0
-24.0
18.0
-100.0
-30.0
30.0
146.79561
-24.0
30.0
147.58147
-30.0
24.0
148.13077
-30.0
24.0
148.13077
-30.0
24.0
147.31445
-24.0
30.0
146.79561
-24.0
24.0
-100.0
-30.0
30.0
-100.0
-30.0
30.0
-100.0
-24.0
30.0
-100.0
-24.0
24.0
-100.0
-24.0
24.0
-100.0
-30.0
36.0
146.04411
-24.0
36.0
146.78291
-30.0
30.0
147.58147
-30.0
30.0
147.58147
-30.0
30.0
146.79561
-24.0
36.0
146.04411
-24.0
30.0
-100.0
-30.0
36.0
-100.0
-30.0
36.0
-100.0
-24.0
36.0
-100.0
-24.0
30.0
-100.0
-24.0
30.0
-100.0
-30.0
42.0
145.10979
-24.0
42.0
145.78535
-30.0
36.0
146.78291
-30.0
36.0
146.78291
-30.0
36.0
146.04411
-24.0
42.0
145.10979
-24.0
36.0
-100.0
-30.0
42.0
-100.0
-30.0
42.0
-100.0
-24.0
42.0
-100.0
-24.0
36.0
-100.0
-24.0
36.0
-100.0
-30.0
48.0
144.063
-24.0
48.0
144.6613
-30.0
42.0
145.78535
-30.0
42.0
145.78535
-30.0
42.0
145.10979
-24.0
48.0
144.063
-24.0
42.0
-100.0
-30.0
48.0
-100.0
-30.0
48.0
-100.0
-24.0
48.0
-100.0
-24.0
42.0
-100.0
-24.0
42.0
-100.0
-30.0
54.0
142.98775
-24.0
54.0
143.49834
-30.0
48.0
144.6613
-30.0
48.0
144.6613
-30.0
48.0
144.063
-24.0
54.0
142.98775
-24.0
48.0
-100.0
-30.0
54.0
-100.0
-30.0
54.0
-100.0
-24.0
54.0
-100.0
-24.0
48.0
-100.0
-24.0
48.0
-100.0
-30.0
60.0
141.97186
-24.0
60.0
142.3891
-30.0
54.0
143.49834
-30.0
54.0
143.49834
-30.0
54.0
142.98775
-24.0
60.0
141.97186
-24.0
54.0
-100.0
-30.0
60.0
-100.0
-30.0
60.0
-100.0
-24.0
60.0
-100.0
-24.0
54.0
-100.0
-24.0
54.0
-100.0
-30.0
66.0
141.09619
-24.0
66.0
141.41972
-30.0
60.0
142.3891
-30.0
60.0
142.3891
-30.0
60.0
141.97186
-24.0
66.0
141.09619
-24.0
60.0
-100.0
-30.0
66.0
-100.0
-30.0
66.0
-100.0
-24.0
66.0
-100.0
-24.0
60.0
-100.0
-24.0
60.0
-100.0
-30.0
72.0
140.42485
-24.0
72.0
140.65947
-30.0
66.0
141.41972
-30.0
66.0
141.41972
-30.0
66.0
141.09619
-24.0
72.0
140.42485
-24.0
66.0
-100.0
-30.0
72.0
-100.0
-30.0
72.0
-100.0
-24.0
72.0
-100.0
-24.0
66.0
-100.0
-24.0
66.0
-100.0
-30.0
78.0
139.99568
-24.0
78.0
140.15009
-30.0
72.0
140.65947
-30.0
72.0
140.65947
-30.0
72.0
140.42485
-24.0
78.0
139.99568
-24.0
72.0
-100.0
-30.0
78.0
-100.0
-30.0
78.0
-100.0
-24.0
78.0
-100.0
-24.0
72.0
-100.0
-24.0
72.0
-100.0
-30.0
84.0
139.81036
-24.0
84.0
139.8949
-30.0
78.0
140.15009
-30.0
78.0
140.15009
-30.0
78.0
139.99568
-24.0
84.0
139.81036
-24.0
78.0
-100.0
-30.0
84.0
-100.0
-30.0
84.0
-100.0
-24.0
84.0
-100.0
-24.0
78.0
-100.0
-24.0
78.0
-100.0
-30.0
90.0
139.82465
-24.0
90.0
139.84752
-30.0
84.0
139.8949
-30.0
84.0
139.8949
-30.0
84.0
139.81036
-24.0
90.0
139.82465
-24.0
84.0
-100.0
-30.0
90.0
-100.0
-30.0
90.0
-100.0
-24.0
90.0
-100.0
-24.0
84.0
-100.0
-24.0
84.0
-100.0
-30.0
96.0
139.939
-24.0
96.0
139.90195
-30.0
90.0
139.84752
-30.0
90.0
139.84752
-30.0
90.0
139.82465
-24.0
96.0
139.939
-24.0
90.0
-100.0
-30.0
96.0
-100.0
-30.0
96.0
-100.0
-24.0
96.0
-100.0
-24.0
90.0
-100.0
-24.0
90.0
-100.0
-30.0
96.0
139.90195
-30.0
96.0
139.939
-24.0
96.0
-100.0
-30.0
96.0
139.939
-24.0
96.0
-100.0
-24.0
96.0
-100.0
-30.0
6.0
146.69814
-18.0
6.0
147.41571
-24.0
0.0
147.0913
-24.0
0.0
147.0913
-24.0
0.0
146.38531
-18.0
6.0
146.69814
-18.0
0.0
-100.0
-24.0
6.0
-100.0
-24.0
6.0
-100.0
-18.0
6.0
-100.0
-18.0
0.0
-100.0
-18.0
0.0
-100.0
-24.0
0.0
147.0913
-24.0
0.0
-100.0
-24.0
0.0
146.38531
-18.0
0.0
-100.0
-24.0
0.0
-100.0
-18.0
0.0
146.38531
-18.0
12.0
146.87857
-18.0
12.0
147.60211
-24.0
6.0
147.41571
-24.0
6.0
147.41571
-24.0
6.0
146.69814
-18.0
12.0
146.87857
-18.0
6.0
-100.0
-24.0
12.0
-100.0
-24.0
12.0
-100.0
-18.0
12.0
-100.0
-18.0
6.0
-100.0
-18.0
6.0
-100.0
-24.0
18.0
146.85916
-18.0
18.0
147.58008
-24.0
12.0
147.60211
-24.0
12.0
147.60211
-24.0
12.0
146.87857
-18.0
18.0
146.85916
-18.0
12.0
-100.0
-24.0
18.0
-100.0
-24.0
18.0
-100.0
-18.0
18.0
-100.0
-18.0
12.0
-100.0
-18.0
12.0
-100.0
-24.0
24.0
146.60692
-18.0
24.0
147.31445
-24.0
18.0
147.58008
-24.0
18.0
147.58008
-24.0
18.0
146.85916
-18.0
24.0
146.60692
-18.0
18.0
-100.0
-24.0
24.0
-100.0
-24.0
24.0
-100.0
-18.0
24.0
-100.0
-18.0
18.0
-100.0
-18.0
18.0
-100.0
-24.0
30.0
146.11375
-18.0
30.0
146.79561
-24.0
24.0
147.31445
-24.0
24.0
147.31445
-24.0
24.0
146.60692
-18.0
30.0
146.11375
-18.0
24.0
-100.0
-24.0
30.0
-100.0
-24.0
30.0
-100.0
-18.0
30.0
-100.0
-18.0
24.0
-100.0
-18.0
24.0
-100.0
-24.0
36.0
145.401
-18.0
36.0
146.04411
-24.0
30.0
146.79561
-24.0
30.0
146.79561
-24.0
30.0
146.11375
-18.0
36.0
145.401
-18.0
30.0
-100.0
-24.0
36.0
-100.0
-24.0
36.0
-100.0
-18.0
36.0
-100.0
-18.0
30.0
-100.0
-18.0
30.0
-100.0
-24.0
42.0
144.51794
-18.0
42.0
145.10979
-24.0
36.0
146.04411
-24.0
36.0
146.04411
-24.0
36.0
145.401
-18.0
42.0
144.51794
-18.0
36.0
-100.0
-24.0
42.0
-100.0
-24.0
42.0
-100.0
-18.0
42.0
-100.0
-18.0
36.0
-100.0
-18.0
36.0
-100.0
-24.0
48.0
143.53317
-18.0
48.0
144.063
-24.0
42.0
145.10979
-24.0
42.0
145.10979
-24.0
42.0
144.51794
-18.0
48.0
143.53317
-18.0
42.0
-100.0
-24.0
48.0
-100.0
-24.0
48.0
-100.0
-18.0
48.0
-100.0
-18.0
42.0
-100.0
-18.0
42.0
-100.0
-24.0
54.0
142.52776
-18.0
54.0
142.98775
-24.0
48.0
144.063
-24.0
48.0
144.063
-24.0
48.0
143.53317
-18.0
54.0
142.52776
-18.0
48.0
-100.0
-24.0
54.0
-100.0
-24.0
54.0
-100.0
-18.0
54.0
-100.0
-18.0
48.0
-100.0
-18.0
48.0
-100.0
-24.0
60.0
141.58588
-18.0
60.0
141.97186
-24.0
54.0
142.98775
-24.0
54.0
142.98775
-24.0
54.0
142.52776
-18.0
60.0
141.58588
-18.0
54.0
-100.0
-24.0
60.0
-100.0
-24.0
60.0
-100.0
-18.0
60.0
-100.0
-18.0
54.0
-100.0
-18.0
54.0
-100.0
-24.0
66.0
140.78436
-18.0
66.0
141.09619
-24.0
60.0
141.97186
-24.0
60.0
141.97186
-24.0
60.0
141.58588
-18.0
66.0
140.78436
-18.0
60.0
-100.0
-24.0
66.0
-100.0
-24.0
66.0
-100.0
-18.0
66.0
-100.0
-18.0
60.0
-100.0
-18.0
60.0
-100.0
-24.0
72.0
140.18361
-18.0
72.0
140.42485
-24.0
66.0
141.09619
-24.0
66.0
141.09619
-24.0
66.0
140.78436
-18.0
72.0
140.18361
-18.0
66.0
-100.0
-24.0
72.0
-100.0
-24.0
72.0
-100.0
-18.0
72.0
-100.0
-18.0
66.0
-100.0
-18.0
66.0
-100.0
-24.0
78.0
139.81868
-18.0
78.0
139.99568
-24.0
72.0
140.42485
-24.0
72.0
140.42485
-24.0
72.0
140.18361
-18.0
78.0
139.81868
-18.0
72.0
-100.0
-24.0
78.0
-100.0
-24.0
78.0
-100.0
-18.0
78.0
-100.0
-18.0
72.0
-100.0
-18.0
72.0
-100.0
-24.0
84.0
139.6903
-18.0
84.0
139.81036
-24.0
78.0
139.99568
-24.0
78.0
139.99568
-24.0
78.0
139.81868
-18.0
84.0
139.6903
-18.0
78.0
-100.0
-24.0
84.0
-100.0
-24.0
84.0
-100.0
-18.0
84.0
-100.0
-18.0
78.0
-100.0
-18.0
78.0
-100.0
-24.0
90.0
139.75601
-18.0
90.0
139.82465
-24.0
84.0
139.81036
-24.0
84.0
139.81036
-24.0
84.0
139.6903
-18.0
90.0
139.75601
-18.0
84.0
-100.0
-24.0
90.0
-100.0
-24.0
90.0
-100.0
-18.0
90.0
-100.0
-18.0
84.0
-100.0
-18.0
84.0
-100.0
-24.0
96.0
139.92145
-18.0
96.0
139.939
-24.0
90.0
139.82465
-24.0
90.0
139.82465
-24.0
90.0
139.75601
-18.0
96.0
139.92145
-18.0
90.0
-100.0
-24.0
96.0
-100.0
-24.0
96.0
-100.0
-18.0
96.0
-100.0
-18.0
90.0
-100.0
-18.0
90.0
-100.0
-24.0
96.0
139.939
-24.0
96.0
139.92145
-18.0
96.0
-100.0
-24.0
96.0
139.92145
-18.0
96.0
-100.0
-18.0
96.0
-100.0
-24.0
6.0
146.13522
-12.0
6.0
146.69814
-18.0
0.0
146.38531
-18.0
0.0
146.38531
-18.0
0.0
145.83243
-12.0
6.0
146.13522
-12.0
0.0
-100.0
-18.0
6.0
-100.0
-18.0
6.0
-100.0
-12.0
6.0
-100.0
-12.0
0.0
-100.0
-12.0
0.0
-100.0
-18.0
0.0
146.38531
-18.0
0.0
-100.0
-18.0
0.0
145.83243
-12.0
0.0
-100.0
-18.0
0.0
-100.0
-12.0
0.0
145.83243
-12.0
12.0
146.30974
-12.0
12.0
146.87857
-18.0
6.0
146.69814
-18.0
6.0
146.69814
-18.0
6.0
146.13522
-12.0
12.0
146.30974
-12.0
6.0
-100.0
-18.0
12.0
-100.0
-18.0
12.0
-100.0
-12.0
12.0
-100.0
-12.0
6.0
-100.0
-12.0
6.0
-100.0
-18.0
18.0
146.29019
-12.0
18.0
146.85916
-18.0
12.0
146.87857
-18.0
12.0
146.87857
-18.0
12.0
146.30974
-12.0
18.0
146.29019
-12.0
12.0
-100.0
-18.0
18.0
-100.0
-18.0
18.0
-100.0
-12.0
18.0
-100.0
-12.0
12.0
-100.0
-12.0
12.0
-100.0
-18.0
24.0
146.04459
-12.0
24.0
146.60692
-18.0
18.0
146.85916
-18.0
18.0
146.85916
-18.0
18.0
146.29019
-12.0
24.0
146.04459
-12.0
18.0
-100.0
-18.0
24.0
-100.0
-18.0
24.0
-100.0
-12.0
24.0
-100.0
-12.0
18.0
-100.0
-12.0
18.0
-100.0
-18.0
30.0
145.56575
-12.0
30.0
146.11375
-18.0
24.0
146.60692
-18.0
24.0
146.60692
-18.0
24.0
146.04459
-12.0
30.0
145.56575
-12.0
24.0
-100.0
-18.0
30.0
-100.0
-18.0
30.0
-100.0
-12.0
30.0
-100.0
-12.0
24.0
-100.0
-12.0
24.0
-100.0
-18.0
36.0
144.87567
-12.0
36.0
145.401
-18.0
30.0
146.11375
-18.0
30.0
146.11375
-18.0
30.0
145.56575
-12.0
36.0
144.87567
-12.0
30.0
-100.0
-18.0
36.0
-100.0
-18.0
36.0
-100.0
-12.0
36.0
-100.0
-12.0
30.0
-100.0
-12.0
30.0
-100.0
-18.0
42.0
144.02347
-12.0
42.0
144.51794
-18.0
36.0
145.401
-18.0
36.0
145.401
-18.0
36.0
144.87567
-12.0
42.0
144.02347
-12.0
36.0
-100.0
-18.0
42.0
-100.0
-18.0
42.0
-100.0
-12.0
42.0
-100.0
-12.0
36.0
-100.0
-12.0
36.0
-100.0
-18.0
48.0
143.07675
-12.0
48.0
143.53317
-18.0
42.0
144.51794
-18.0
42.0
144.51794
-18.0
42.0
144.02347
-12.0
48.0
143.07675
-12.0
42.0
-100.0
-18.0
48.0
-100.0
-18.0
48.0
-100.0
-12.0
48.0
-100.0
-12.0
42.0
-100.0
-12.0
42.0
-100.0
-18.0
54.0
142.115
-12.0
54.0
142.52776
-18.0
48.0
143.53317
-18.0
48.0
143.53317
-18.0
48.0
143.07675
-12.0
54.0
142.115
-12.0
48.0
-100.0
-18.0
54.0
-100.0
-18.0
54.0
-100.0
-12.0
54.0
-100.0
-12.0
48.0
-100.0
-12.0
48.0
-100.0
-18.0
60.0
141.22035
-12.0
60.0
141.58588
-18.0
54.0
142.52776
-18.0
54.0
142.52776
-18.0
54.0
142.115
-12.0
60.0
141.22035
-12.0
54.0
-100.0
-18.0
60.0
-100.0
-18.0
60.0
-100.0
-12.0
60.0
-100.0
-12.0
54.0
-100.0
-12.0
54.0
-100.0
-18.0
66.0
140.46733
-12.0
66.0
140.78436
-18.0
60.0
141.58588
-18.0
60.0
141.58588
-18.0
60.0
141.22035
-12.0
66.0
140.46733
-12.0
60.0
-100.0
-18.0
66.0
-100.0
-18.0
66.0
-100.0
-12.0
66.0
-100.0
-12.0
60.0
-100.0
-12.0
60.0
-100.0
-18.0
72.0
139.91425
-12.0
72.0
140.18361
-18.0
66.0
140.78436
-18.0
66.0
140.78436
-18.0
66.0
140.46733
-12.0
72.0
139.91425
-12.0
66.0
-100.0
-18.0
72.0
-100.0
-18.0
72.0
-100.0
-12.0
72.0
-100.0
-12.0
66.0
-100.0
-12.0
66.0
-100.0
-18.0
78.0
139.59464
-12.0
78.0
139.81868
-18.0
72.0
140.18361
-18.0
72.0
140.18361
-18.0
72.0
139.91425
-12.0
78.0
139.59464
-12.0
72.0
-100.0
-18.0
78.0
-100.0
-18.0
78.0
-100.0
-12.0
78.0
-100.0
-12.0
72.0
-100.0
-12.0
72.0
-100.0
-18.0
84.0
139.50877
-12.0
84.0
139.6903
-18.0
78.0
139.81868
-18.0
78.0
139.81868
-18.0
78.0
139.59464
-12.0
84.0
139.50877
-12.0
78.0
-100.0
-18.0
84.0
-100.0
-18.0
84.0
-100.0
-12.0
84.0
-100.0
-12.0
78.0
-100.0
-12.0
78.0
-100.0
-18.0
90.0
139.61531
-12.0
90.0
139.75601
-18.0
84.0
139.6903
-18.0
84.0
139.6903
-18.0
84.0
139.50877
-12.0
90.0
139.61531
-12.0
84.0
-100.0
-18.0
90.0
-100.0
-18.0
90.0
-100.0
-12.0
90.0
-100.0
-12.0
84.0
-100.0
-12.0
84.0
-100.0
-18.0
96.0
139.82303
-12.0
96.0
139.92145
-18.0
90.0
139.75601
-18.0
90.0
139.75601
-18.0
90.0
139.61531
-12.0
96.0
139.82303
-12.0
90.0
-100.0
-18.0
96.0
-100.0
-18.0
96.0
-100.0
-12.0
96.0
-100.0
-12.0
90.0
-100.0
-12.0
90.0
-100.0
-18.0
96.0
139.92145
-18.0
96.0
139.82303
-12.0
96.0
-100.0
-18.0
96.0
139.82303
-12.0
96.0
-100.0
-12.0
96.0
-100.0
-18.0
6.0
145.73033
-6.0
6.0
146.13522
-12.0
0.0
145.83243
-12.0
0.0
145.83243
-12.0
0.0
145.43625
-6.0
6.0
145.73033
-6.0
0.0
-100.0
-12.0
6.0
-100.0
-12.0
6.0
-100.0
-6.0
6.0
-100.0
-6.0
0.0
-100.0
-6.0
0.0
-100.0
-12.0
0.0
145.83243
-12.0
0.0
-100.0
-12.0
0.0
145.43625
-6.0
0.0
-100.0
-12.0
0.0
-100.0
-6.0
0.0
145.43625
-6.0
12.0
145.89828
-6.0
12.0
146.30974
-12.0
6.0
146.13522
-12.0
6.0
146.13522
-12.0
6.0
145.73033
-6.0
12.0
145.89828
-6.0
6.0
-100.0
-12.0
12.0
-100.0
-12.0
12.0
-100.0
-6.0
12.0
-100.0
-6.0
6.0
-100.0
-6.0
6.0
-100.0
-12.0
18.0
145.8747
-6.0
18.0
146.29019
-12.0
12.0
146.30974
-12.0
12.0
146.30974
-12.0
12.0
145.89828
-6.0
18.0
145.8747
-6.0
12.0
-100.0
-12.0
18.0
-100.0
-12.0
18.0
-100.0
-6.0
18.0
-100.0
-6.0
12.0
-100.0
-6.0
12.0
-100.0
-12.0
24.0
145.62758
-6.0
24.0
146.04459
-12.0
18.0
146.29019
-12.0
18.0
146.29019
-12.0
18.0
145.8747
-6.0
24.0
145.62758
-6.0
18.0
-100.0
-12.0
24.0
-100.0
-12.0
24.0
-100.0
-6.0
24.0
-100.0
-6.0
18.0
-100.0
-6.0
18.0
-100.0
-12.0
30.0
145.15031
-6.0
30.0
145.56575
-12.0
24.0
146.04459
-12.0
24.0
146.04459
-12.0
24.0
145.62758
-6.0
30.0
145.15031
-6.0
24.0
-100.0
-12.0
30.0
-100.0
-12.0
30.0
-100.0
-6.0
30.0
-100.0
-6.0
24.0
-100.0
-6.0
24.0
-100.0
-12.0
36.0
144.46565
-6.0
36.0
144.87567
-12.0
30.0
145.56575
-12.0
30.0
145.56575
-12.0
30.0
145.15031
-6.0
36.0
144.46565
-6.0
30.0
-100.0
-12.0
36.0
-100.0
-12.0
36.0
-100.0
-6.0
36.0
-100.0
-6.0
30.0
-100.0
-6.0
30.0
-100.0
-12.0
42.0
143.62312
-6.0
42.0
144.02347
-12.0
36.0
144.87567
-12.0
36.0
144.87567
-12.0
36.0
144.46565
-6.0
42.0
143.62312
-6.0
36.0
-100.0
-12.0
42.0
-100.0
-12.0
42.0
-100.0
-6.0
42.0
-100.0
-6.0
36.0
-100.0
-6.0
36.0
-100.0
-12.0
48.0
142.69046
-6.0
48.0
143.07675
-12.0
42.0
144.02347
-12.0
42.0
144.02347
-12.0
42.0
143.62312
-6.0
48.0
142.69046
-6.0
42.0
-100.0
-12.0
48.0
-100.0
-12.0
48.0
-100.0
-6.0
48.0
-100.0
-6.0
42.0
-100.0
-6.0
42.0
-100.0
-12.0
54.0
141.74686
-6.0
54.0
142.115
-12.0
48.0
143.07675
-12.0
48.0
143.07675
-12.0
48.0
142.69046
-6.0
54.0
141.74686
-6.0
48.0
-100.0
-12.0
54.0
-100.0
-12.0
54.0
-100.0
-6.0
54.0
-100.0
-6.0
48.0
-100.0
-6.0
48.0
-100.0
-12.0
60.0
140.87396
-6.0
60.0
141.22035
-12.0
54.0
142.115
-12.0
54.0
142.115
-12.0
54.0
141.74686
-6.0
60.0
140.87396
-6.0
54.0
-100.0
-12.0
60.0
-100.0
-12.0
60.0
-100.0
-6.0
60.0
-100.0
-6.0
54.0
-100.0
-6.0
54.0
-100.0
-12.0
66.0
140.1457
-6.0
66.0
140.46733
-12.0
60.0
141.22035
-12.0
60.0
141.22035
-12.0
60.0
140.87396
-6.0
66.0
140.1457
-6.0
60.0
-100.0
-12.0
66.0
-100.0
-12.0
66.0
-100.0
-6.0
66.0
-100.0
-6.0
60.0
-100.0
-6.0
60.0
-100.0
-12.0
72.0
139.61975
-6.0
72.0
139.91425
-12.0
66.0
140.46733
-12.0
66.0
140.46733
-12.0
66.0
140.1457
-6.0
72.0
139.61975
-6.0
66.0
-100.0
-12.0
72.0
-100.0
-12.0
72.0
-100.0
-6.0
72.0
-100.0
-6.0
66.0
-100.0
-6.0
66.0
-100.0
-12.0
78.0
139.32918
-6.0
78.0
139.59464
-12.0
72.0
139.91425
-12.0
72.0
139.91425
-12.0
72.0
139.61975
-6.0
78.0
139.32918
-6.0
72.0
-100.0
-12.0
78.0
-100.0
-12.0
78.0
-100.0
-6.0
78.0
-100.0
-6.0
72.0
-100.0
-6.0
72.0
-100.0
-12.0
84.0
139.27405
-6.0
84.0
139.50877
-12.0
78.0
139.59464
-12.0
78.0
139.59464
-12.0
78.0
139.32918
-6.0
84.0
139.27405
-6.0
78.0
-100.0
-12.0
84.0
-100.0
-12.0
84.0
-100.0
-6.0
84.0
-100.0
-6.0
78.0
-100.0
-6.0
78.0
-100.0
-12.0
90.0
139.41335
-6.0
90.0
139.61531
-12.0
84.0
139.50877
-12.0
84.0
139.50877
-12.0
84.0
139.27405
-6.0
90.0
139.41335
-6.0
84.0
-100.0
-12.0
90.0
-100.0
-12.0
90.0
-100.0
-6.0
90.0
-100.0
-6.0
84.0
-100.0
-6.0
84.0
-100.0
-12.0
96.0
139.657
-6.0
96.0
139.82303
-12.0
90.0
139.61531
-12.0
90.0
139.61531
-12.0
90.0
139.41335
-6.0
96.0
139.657
-6.0
90.0
-100.0
-12.0
96.0
-100.0
-12.0
96.0
-100.0
-6.0
96.0
-100.0
-6.0
90.0
-100.0
-6.0
90.0
-100.0
-12.0
96.0
139.82303
-12.0
96.0
139.657
-6.0
96.0
-100.0
-12.0
96.0
139.657
-6.0
96.0
-100.0
-6.0
96.0
-100.0
-12.0
6.0
145.4227
0.0
6.0
145.73033
-6.0
0.0
145.43625
-6.0
0.0
145.43625
-6.0
0.0
145.13602
0.0
6.0
145.4227
0.0
0.0
-100.0
-6.0
6.0
-100.0
-6.0
6.0
-100.0
0.0
6.0
-100.0
0.0
0.0
-100.0
0.0
0.0
-100.0
-6.0
0.0
145.43625
-6.0
0.0
-100.0
-6.0
0.0
145.13602
0.0
0.0
-100.0
-6.0
0.0
-100.0
0.0
0.0
145.13602
0.0
12.0
145.5843
0.0
12.0
145.89828
-6.0
6.0
145.73033
-6.0
6.0
145.73033
-6.0
6.0
145.4227
0.0
12.0
145.5843
0.0
6.0
-100.0
-6.0
12.0
-100.0
-6.0
12.0
-100.0
0.0
12.0
-100.0
0.0
6.0
-100.0
0.0
6.0
-100.0
-6.0
18.0
145.55505
0.0
18.0
145.8747
-6.0
12.0
145.89828
-6.0
12.0
145.89828
-6.0
12.0
145.5843
0.0
18.0
145.55505
0.0
12.0
-100.0
-6.0
18.0
-100.0
-6.0
18.0
-100.0
0.0
18.0
-100.0
0.0
12.0
-100.0
0.0
12.0
-100.0
-6.0
24.0
145.3026
0.0
24.0
145.62758
-6.0
18.0
145.8747
-6.0
18.0
145.8747
-6.0
18.0
145.55505
0.0
24.0
145.3026
0.0
18.0
-100.0
-6.0
24.0
-100.0
-6.0
24.0
-100.0
0.0
24.0
-100.0
0.0
18.0
-100.0
0.0
18.0
-100.0
-6.0
30.0
144.82068
0.0
30.0
145.15031
-6.0
24.0
145.62758
-6.0
24.0
145.62758
-6.0
24.0
145.3026
0.0
30.0
144.82068
0.0
24.0
-100.0
-6.0
30.0
-100.0
-6.0
30.0
-100.0
0.0
30.0
-100.0
0.0
24.0
-100.0
0.0
24.0
-100.0
-6.0
36.0
144.13301
0.0
36.0
144.46565
-6.0
30.0
145.15031
-6.0
30.0
145.15031
-6.0
30.0
144.82068
0.0
36.0
144.13301
0.0
30.0
-100.0
-6.0
36.0
-100.0
-6.0
36.0
-100.0
0.0
36.0
-100.0
0.0
30.0
-100.0
0.0
30.0
-100.0
-6.0
42.0
143.29001
0.0
42.0
143.62312
-6.0
36.0
144.46565
-6.0
36.0
144.46565
-6.0
36.0
144.13301
0.0
42.0
143.29001
0.0
36.0
-100.0
-6.0
42.0
-100.0
-6.0
42.0
-100.0
0.0
42.0
-100.0
0.0
36.0
-100.0
0.0
36.0
-100.0
-6.0
48.0
142.36
0.0
48.0
142.69046
-6.0
42.0
143.62312
-6.0
42.0
143.62312
-6.0
42.0
143.29001
0.0
48.0
142.36
0.0
42.0
-100.0
-6.0
48.0
-100.0
-6.0
48.0
-100.0
0.0
48.0
-100.0
0.0
42.0
-100.0
0.0
42.0
-100.0
-6.0
54.0
141.42271
0.0
54.0
141.74686
-6.0
48.0
142.69046
-6.0
48.0
142.69046
-6.0
48.0
142.36
0.0
54.0
141.42271
0.0
48.0
-100.0
-6.0
54.0
-100.0
-6.0
54.0
-100.0
0.0
54.0
-100.0
0.0
48.0
-100.0
0.0
48.0
-100.0
-6.0
60.0
140.56009
0.0
60.0
140.87396
-6.0
54.0
141.74686
-6.0
54.0
141.74686
-6.0
54.0
141.42271
0.0
60.0
140.56009
0.0
54.0
-100.0
-6.0
60.0
-100.0
-6.0
60.0
-100.0
0.0
60.0
-100.0
0.0
54.0
-100.0
0.0
54.0
-100.0
-6.0
66.0
139.84627
0.0
66.0
140.1457
-6.0
60.0
140.87396
-6.0
60.0
140.87396
-6.0
60.0
140.56009
0.0
66.0
139.84627
0.0
60.0
-100.0
-6.0
66.0
-100.0
-6.0
66.0
-100.0
0.0
66.0
-100.0
0.0
60.0
-100.0
0.0
60.0
-100.0
-6.0
72.0
139.33897
0.0
72.0
139.61975
-6.0
66.0
140.1457
-6.0
66.0
140.1457
-6.0
66.0
139.84627
0.0
72.0
139.33897
0.0
66.0
-100.0
-6.0
72.0
-100.0
-6.0
72.0
-100.0
0.0
72.0
-100.0
0.0
66.0
-100.0
0.0
66.0
-100.0
-6.0
78.0
139.07124
0.0
78.0
139.32918
-6.0
72.0
139.61975
-6.0
72.0
139.61975
-6.0
72.0
139.33897
0.0
78.0
139.07124
0.0
72.0
-100.0
-6.0
78.0
-100.0
-6.0
78.0
-100.0
0.0
78.0
-100.0
0.0
72.0
-100.0
0.0
72.0
-100.0
-6.0
84.0
139.04305
0.0
84.0
139.27405
-6.0
78.0
139.32918
-6.0
78.0
139.32918
-6.0
78.0
139.07124
0.0
84.0
139.04305
0.0
78.0
-100.0
-6.0
84.0
-100.0
-6.0
84.0
-100.0
0.0
84.0
-100.0
0.0
78.0
-100.0
0.0
78.0
-100.0
-6.0
90.0
139.21318
0.0
90.0
139.41335
-6.0
84.0
139.27405
-6.0
84.0
139.27405
-6.0
84.0
139.04305
0.0
90.0
139.21318
0.0
84.0
-100.0
-6.0
90.0
-100.0
-6.0
90.0
-100.0
0.0
90.0
-100.0
0.0
84.0
-100.0
0.0
84.0
-100.0
-6.0
96.0
139.49158
0.0
96.0
139.657
-6.0
90.0
139.41335
-6.0
90.0
139.41335
-6.0
90.0
139.21318
0.0
96.0
139.49158
0.0
90.0
-100.0
-6.0
96.0
-100.0
-6.0
96.0
-100.0
0.0
96.0
-100.0
0.0
90.0
-100.0
0.0
90.0
-100.0
-6.0
96.0
139.657
-6.0
96.0
139.49158
0.0
96.0
-100.0
-6.0
96.0
139.49158
0.0
96.0
-100.0
0.0
96.0
-100.0
-6.0
0.0
145.13602
0.0
0.0
-100.0
0.0
6.0
145.4227
0.0
0.0
-100.0
0.0
6.0
-100.0
0.0
6.0
145.4227
0.0
6.0
145.4227
0.0
6.0
-100.0
0.0
12.0
145.5843
0.0
6.0
-100.0
0.0
12.0
-100.0
0.0
12.0
145.5843
0.0
12.0
145.5843
0.0
12.0
-100.0
0.0
18.0
145.55505
0.0
12.0
-100.0
0.0
18.0
-100.0
0.0
18.0
145.55505
0.0
18.0
145.55505
0.0
18.0
-100.0
0.0
24.0
145.3026
0.0
18.0
-100.0
0.0
24.0
-100.0
0.0
24.0
145.3026
0.0
24.0
145.3026
0.0
24.0
-100.0
0.0
30.0
144.82068
0.0
24.0
-100.0
0.0
30.0
-100.0
0.0
30.0
144.82068
0.0
30.0
144.82068
0.0
30.0
-100.0
0.0
36.0
144.13301
0.0
30.0
-100.0
0.0
36.0
-100.0
0.0
36.0
144.13301
0.0
36.0
144.13301
0.0
36.0
-100.0
0.0
42.0
143.29001
0.0
36.0
-100.0
0.0
42.0
-100.0
0.0
42.0
143.29001
0.0
42.0
143.29001
0.0
42.0
-100.0
0.0
48.0
142.36
0.0
42.0
-100.0
0.0
48.0
-100.0
0.0
48.0
142.36
0.0
48.0
142.36
0.0
48.0
-100.0
0.0
54.0
141.42271
0.0
48.0
-100.0
0.0
54.0
-100.0
0.0
54.0
141.42271
0.0
54.0
141.42271
0.0
54.0
-100.0
0.0
60.0
140.56009
0.0
54.0
-100.0
0.0
60.0
-100.0
0.0
60.0
140.56009
0.0
60.0
140.56009
0.0
60.0
-100.0
0.0
66.0
139.84627
0.0
60.0
-100.0
0.0
66.0
-100.0
0.0
66.0
139.84627
0.0
66.0
139.84627
0.0
66.0
-100.0
0.0
72.0
139.33897
0.0
66.0
-100.0
0.0
72.0
-100.0
0.0
72.0
139.33897
0.0
72.0
139.33897
0.0
72.0
-100.0
0.0
78.0
139.07124
0.0
72.0
-100.0
0.0
78.0
-100.0
0.0
78.0
139.07124
0.0
78.0
139.07124
0.0
78.0
-100.0
0.0
84.0
139.04305
0.0
78.0
-100.0
0.0
84.0
-100.0
0.0
84.0
139.04305
0.0
84.0
139.04305
0.0
84.0
-100.0
0.0
90.0
139.21318
0.0
84.0
-100.0
0.0
90.0
-100.0
0.0
90.0
139.21318
0.0
90.0
139.21318
0.0
90.0
-100.0
0.0
96.0
139.49158
0.0
90.0
-100.0
0.0
96.0
-100.0
0.0
96.0
139.49158
0.0
6.0
150.6643
-78.0
10.938335
151.41539
-73.06167
11.098201
151.37889
-73.746
12.0
151.14467
-78.0
6.0
150.6643
-78.0
11.098201
151.37889
-73.746
6.0
151.15329
-72.0
10.690322
151.4844
-72.0
10.938335
151.41539
-73.06167
6.0
151.15329
-72.0
10.938335
151.41539
-73.06167
6.0
150.6643
-78.0
12.0
151.14467
-78.0
17.700928
151.79538
-72.29907
18.0
151.81598
-72.23393
12.0
151.14467
-78.0
18.0
151.81598
-72.23393
18.0
151.48228
-78.0
17.700928
151.79538
-72.29907
12.0
151.14467
-78.0
12.0
151.46484
-73.555046
19.017584
151.83247
-72.0
24.0
151.84695
-72.0
18.22708
151.81966
-72.181725
24.0
151.84695
-72.0
18.0
151.48228
-78.0
18.22708
151.81966
-72.181725
10.690322
151.4844
-72.0
6.0
151.15329
-72.0
9.802118
151.5462
-68.19788
9.802118
151.5462
-68.19788
6.0
151.15329
-72.0
9.619095
151.56758
-67.41441
6.0
151.15329
-72.0
6.0
151.40334
-66.0
9.619095
151.56758
-67.41441
24.0
151.84695
-72.0
19.017584
151.83247
-72.0
22.807322
151.8461
-71.11781
24.0
151.86473
-66.0
24.0
151.84695
-72.0
22.807322
151.8461
-71.11781
21.611763
151.89786
-66.0
24.0
151.86473
-66.0
22.064022
151.85336
-67.93598
10.73348
151.64915
-61.26652
12.0
151.71492
-60.0
12.0
151.72453
-60.98794
12.0
151.71492
-60.0
10.73348
151.64915
-61.26652
8.308325
151.51996
-61.803425
6.0
151.40334
-66.0
6.0
151.39302
-60.0
8.308325
151.51996
-61.803425
6.0
151.39302
-60.0
12.0
151.71492
-60.0
8.308325
151.51996
-61.803425
12.0
151.72453
-60.98794
12.0
151.71492
-60.0
15.549614
151.7801
-60.17147
20.927805
151.80525
-63.072193
24.0
151.65549
-60.0
21.408178
151.8703
-65.128525
24.0
151.65549
-60.0
24.0
151.86473
-66.0
21.408178
151.8703
-65.128525
20.210117
151.76085
-60.0
24.0
151.65549
-60.0
20.927805
151.80525
-63.072193
18.0
151.4573
-54.0
18.0
151.79814
-59.60318
16.29508
151.79178
-60.0
18.0
151.4573
-54.0
16.29508
151.79178
-60.0
12.0
151.71492
-60.0
18.526154
151.77016
-59.473846
24.0
151.22787
-54.0
20.00303
151.70341
-59.113533
24.0
151.22787
-54.0
24.0
151.65549
-60.0
20.00303
151.70341
-59.113533
24.0
151.22787
-54.0
18.526154
151.77016
-59.473846
18.0
151.79814
-59.60318
24.0
151.22787
-54.0
18.0
151.79814
-59.60318
18.0
151.4573
-54.0
12.0
151.46484
-73.555046
12.0
151.14467
-78.0
11.098201
151.37889
-73.746
18.0
151.48228
-78.0
18.0
151.81598
-72.23393
18.22708
151.81966
-72.181725
6.0
151.40334
-66.0
9.288677
151.60614
-66.0
9.619095
151.56758
-67.41441
22.064022
151.85336
-67.93598
24.0
151.86473
-66.0
22.807322
151.8461
-71.11781
8.751703
151.55064
-63.701385
6.0
151.40334
-66.0
8.665902
151.54178
-63.3341
9.288677
151.60614
-66.0
6.0
151.40334
-66.0
8.751703
151.55064
-63.701385
8.665902
151.54178
-63.3341
6.0
151.40334
-66.0
8.308325
151.51996
-61.803425
12.0
151.71492
-60.0
16.29508
151.79178
-60.0
15.549614
151.7801
-60.17147
24.0
151.86473
-66.0
21.611763
151.89786
-66.0
21.408178
151.8703
-65.128525
24.0
151.65549
-60.0
20.210117
151.76085
-60.0
20.00303
151.70341
-59.113533
22.444134
144.6973
-69.56312
10.758747
144.6973
-72.29291
19.77997
147.31284
-58.158684
10.758747
144.6973
-72.29291
8.094585
147.31284
-60.888474
19.77997
147.31284
-58.158684
12.0
151.72453
-60.98794
8.094585
147.31284
-60.888474
10.73348
151.64915
-61.26652
19.77997
147.31284
-58.158684
8.094585
147.31284
-60.888474
12.0
151.72453
-60.98794
18.0
151.79814
-59.60318
19.77997
147.31284
-58.158684
16.29508
151.79178
-60.0
10.758747
144.6973
-72.29291
11.098201
151.37889
-73.746
10.938335
151.41539
-73.06167
8.094585
147.31284
-60.888474
10.758747
144.6973
-72.29291
10.938335
151.41539
-73.06167
8.094585
147.31284
-60.888474
9.619095
151.56758
-67.41441
9.288677
151.60614
-66.0
18.22708
151.81966
-72.181725
10.758747
144.6973
-72.29291
19.017584
151.83247
-72.0
10.758747
144.6973
-72.29291
22.444134
144.6973
-69.56312
19.017584
151.83247
-72.0
17.700928
151.79538
-72.29907
10.758747
144.6973
-72.29291
18.0
151.81598
-72.23393
21.408178
151.8703
-65.128525
22.444134
144.6973
-69.56312
20.927805
151.80525
-63.072193
22.444134
144.6973
-69.56312
19.77997
147.31284
-58.158684
20.927805
151.80525
-63.072193
22.064022
151.85336
-67.93598
22.444134
144.6973
-69.56312
21.611763
151.89786
-66.0
8.094585
147.31284
-60.888474
8.308325
151.51996
-61.803425
10.73348
151.64915
-61.26652
15.549614
151.7801
-60.17147
19.77997
147.31284
-58.158684
12.0
151.72453
-60.98794
20.00303
151.70341
-59.113533
19.77997
147.31284
-58.158684
18.526154
151.77016
-59.473846
19.77997
147.31284
-58.158684
18.0
151.79814
-59.60318
18.526154
151.77016
-59.473846
19.77997
147.31284
-58.158684
15.549614
151.7801
-60.17147
16.29508
151.79178
-60.0
8.094585
147.31284
-60.888474
10.938335
151.41539
-73.06167
10.690322
151.4844
-72.0
8.665902
151.54178
-63.3341
8.094585
147.31284
-60.888474
8.751703
151.55064
-63.701385
8.751703
151.55064
-63.701385
8.094585
147.31284
-60.888474
9.288677
151.60614
-66.0
22.444134
144.6973
-69.56312
22.807322
151.8461
-71.11781
19.017584
151.83247
-72.0
10.758747
144.6973
-72.29291
18.22708
151.81966
-72.181725
18.0
151.81598
-72.23393
10.758747
144.6973
-72.29291
17.700928
151.79538
-72.29907
12.0
151.46484
-73.555046
20.927805
151.80525
-63.072193
19.77997
147.31284
-58.158684
20.210117
151.76085
-60.0
22.444134
144.6973
-69.56312
21.408178
151.8703
-65.128525
21.611763
151.89786
-66.0
22.807322
151.8461
-71.11781
22.444134
144.6973
-69.56312
22.064022
151.85336
-67.93598
8.094585
147.31284
-60.888474
10.690322
151.4844
-72.0
9.802118
151.5462
-68.19788
8.308325
151.51996
-61.803425
8.094585
147.31284
-60.888474
8.665902
151.54178
-63.3341
11.098201
151.37889
-73.746
10.758747
144.6973
-72.29291
12.0
151.46484
-73.555046
19.77997
147.31284
-58.158684
20.00303
151.70341
-59.113533
20.210117
151.76085
-60.0
9.619095
151.56758
-67.41441
8.094585
147.31284
-60.888474
9.802118
151.5462
-68.19788
